Dict_of_clique_size_combinations:
(4, 4, 4) : 6

Solution Time:
3.080684185028076

X_history_database:
(0, 0) : [1, 2, 3, 31]
(0, 1) : [1, 3, 4, 126]
(0, 2) : [1, 2, 3, 126]
(0, 0, 0) : [1, 3, 4, 126]
(0, 0, 1) : [1, 2, 3, 126]
(0, 0, 0, 0) : [1, 2, 3, 126]
(0, 0, 1, 0) : [1, 3, 4, 126]
(0, 1, 0) : [1, 2, 3, 126]
(0, 1, 1) : [1, 2, 3, 31]
(0, 1, 0, 0) : [1, 2, 3, 31]
(0, 1, 1, 0) : [1, 2, 3, 126]
(0, 2, 0) : [1, 3, 4, 126]
(0, 2, 1) : [1, 2, 3, 31]
(0, 2, 0, 0) : [1, 2, 3, 31]
(0, 2, 1, 0) : [1, 3, 4, 126]
