Dict_of_clique_size_combinations:
(4, 4, 4) : 210

Solution Time:
8.156252145767212

X_history_database:
(0, 0) : [9, 16, 17, 45]
(0, 1) : [9, 16, 17, 26]
(0, 2) : [16, 41, 44, 45]
(0, 3) : [45, 60, 64, 65]
(0, 4) : [45, 59, 64, 65]
(0, 5) : [45, 60, 61, 64]
(0, 6) : [45, 61, 63, 64]
(0, 0, 0) : [9, 16, 17, 26]
(0, 0, 1) : [16, 41, 44, 45]
(0, 0, 2) : [45, 60, 64, 65]
(0, 0, 3) : [45, 59, 64, 65]
(0, 0, 4) : [45, 60, 61, 64]
(0, 0, 5) : [45, 61, 63, 64]
(0, 0, 0, 0) : [45, 60, 61, 64]
(0, 0, 0, 1) : [45, 60, 64, 65]
(0, 0, 0, 2) : [45, 59, 64, 65]
(0, 0, 0, 3) : [45, 61, 63, 64]
(0, 0, 0, 4) : [16, 41, 44, 45]
(0, 0, 1, 0) : [9, 16, 17, 26]
(0, 0, 1, 1) : [45, 60, 61, 64]
(0, 0, 1, 2) : [45, 61, 63, 64]
(0, 0, 1, 3) : [45, 60, 64, 65]
(0, 0, 1, 4) : [45, 59, 64, 65]
(0, 0, 2, 0) : [9, 16, 17, 26]
(0, 0, 2, 1) : [16, 41, 44, 45]
(0, 0, 2, 2) : [45, 60, 61, 64]
(0, 0, 2, 3) : [45, 59, 64, 65]
(0, 0, 2, 4) : [45, 61, 63, 64]
(0, 0, 3, 0) : [9, 16, 17, 26]
(0, 0, 3, 1) : [16, 41, 44, 45]
(0, 0, 3, 2) : [45, 60, 64, 65]
(0, 0, 3, 3) : [45, 61, 63, 64]
(0, 0, 3, 4) : [45, 60, 61, 64]
(0, 0, 4, 0) : [9, 16, 17, 26]
(0, 0, 4, 1) : [16, 41, 44, 45]
(0, 0, 4, 2) : [45, 60, 64, 65]
(0, 0, 4, 3) : [45, 59, 64, 65]
(0, 0, 4, 4) : [45, 61, 63, 64]
(0, 0, 5, 0) : [9, 16, 17, 26]
(0, 0, 5, 1) : [16, 41, 44, 45]
(0, 0, 5, 2) : [45, 60, 64, 65]
(0, 0, 5, 3) : [45, 59, 64, 65]
(0, 0, 5, 4) : [45, 60, 61, 64]
(0, 1, 0) : [9, 16, 17, 45]
(0, 1, 1) : [16, 41, 44, 45]
(0, 1, 2) : [45, 60, 64, 65]
(0, 1, 3) : [45, 59, 64, 65]
(0, 1, 4) : [45, 60, 61, 64]
(0, 1, 5) : [45, 61, 63, 64]
(0, 1, 0, 0) : [16, 41, 44, 45]
(0, 1, 0, 1) : [45, 60, 61, 64]
(0, 1, 0, 2) : [45, 60, 64, 65]
(0, 1, 0, 3) : [45, 59, 64, 65]
(0, 1, 0, 4) : [45, 61, 63, 64]
(0, 1, 1, 0) : [9, 16, 17, 45]
(0, 1, 1, 1) : [45, 60, 64, 65]
(0, 1, 1, 2) : [45, 59, 64, 65]
(0, 1, 1, 3) : [45, 60, 61, 64]
(0, 1, 1, 4) : [45, 61, 63, 64]
(0, 1, 2, 0) : [9, 16, 17, 45]
(0, 1, 2, 1) : [16, 41, 44, 45]
(0, 1, 2, 2) : [45, 60, 61, 64]
(0, 1, 2, 3) : [45, 59, 64, 65]
(0, 1, 2, 4) : [45, 61, 63, 64]
(0, 1, 3, 0) : [9, 16, 17, 45]
(0, 1, 3, 1) : [16, 41, 44, 45]
(0, 1, 3, 2) : [45, 60, 64, 65]
(0, 1, 3, 3) : [45, 61, 63, 64]
(0, 1, 3, 4) : [45, 60, 61, 64]
(0, 1, 4, 0) : [9, 16, 17, 45]
(0, 1, 4, 1) : [16, 41, 44, 45]
(0, 1, 4, 2) : [45, 60, 64, 65]
(0, 1, 4, 3) : [45, 59, 64, 65]
(0, 1, 4, 4) : [45, 61, 63, 64]
(0, 1, 5, 0) : [9, 16, 17, 45]
(0, 1, 5, 1) : [16, 41, 44, 45]
(0, 1, 5, 2) : [45, 60, 64, 65]
(0, 1, 5, 3) : [45, 59, 64, 65]
(0, 1, 5, 4) : [45, 60, 61, 64]
(0, 2, 0) : [9, 16, 17, 45]
(0, 2, 1) : [9, 16, 17, 26]
(0, 2, 2) : [45, 60, 64, 65]
(0, 2, 3) : [45, 59, 64, 65]
(0, 2, 4) : [45, 60, 61, 64]
(0, 2, 5) : [45, 61, 63, 64]
(0, 2, 0, 0) : [9, 16, 17, 26]
(0, 2, 0, 1) : [45, 60, 61, 64]
(0, 2, 0, 2) : [45, 61, 63, 64]
(0, 2, 0, 3) : [45, 60, 64, 65]
(0, 2, 0, 4) : [45, 59, 64, 65]
(0, 2, 1, 0) : [9, 16, 17, 45]
(0, 2, 1, 1) : [45, 60, 64, 65]
(0, 2, 1, 2) : [45, 59, 64, 65]
(0, 2, 1, 3) : [45, 60, 61, 64]
(0, 2, 1, 4) : [45, 61, 63, 64]
(0, 2, 2, 0) : [9, 16, 17, 26]
(0, 2, 2, 1) : [9, 16, 17, 45]
(0, 2, 2, 2) : [45, 60, 61, 64]
(0, 2, 2, 3) : [45, 59, 64, 65]
(0, 2, 2, 4) : [45, 61, 63, 64]
(0, 2, 3, 0) : [9, 16, 17, 45]
(0, 2, 3, 1) : [9, 16, 17, 26]
(0, 2, 3, 2) : [45, 60, 64, 65]
(0, 2, 3, 3) : [45, 61, 63, 64]
(0, 2, 3, 4) : [45, 60, 61, 64]
(0, 2, 4, 0) : [9, 16, 17, 26]
(0, 2, 4, 1) : [9, 16, 17, 45]
(0, 2, 4, 2) : [45, 60, 64, 65]
(0, 2, 4, 3) : [45, 59, 64, 65]
(0, 2, 4, 4) : [45, 61, 63, 64]
(0, 2, 5, 0) : [9, 16, 17, 45]
(0, 2, 5, 1) : [9, 16, 17, 26]
(0, 2, 5, 2) : [45, 60, 64, 65]
(0, 2, 5, 3) : [45, 59, 64, 65]
(0, 2, 5, 4) : [45, 60, 61, 64]
(0, 3, 0) : [9, 16, 17, 45]
(0, 3, 1) : [9, 16, 17, 26]
(0, 3, 2) : [16, 41, 44, 45]
(0, 3, 3) : [45, 60, 61, 64]
(0, 3, 4) : [45, 59, 64, 65]
(0, 3, 5) : [45, 61, 63, 64]
(0, 3, 0, 0) : [9, 16, 17, 26]
(0, 3, 0, 1) : [16, 41, 44, 45]
(0, 3, 0, 2) : [45, 60, 61, 64]
(0, 3, 0, 3) : [45, 59, 64, 65]
(0, 3, 0, 4) : [45, 61, 63, 64]
(0, 3, 1, 0) : [9, 16, 17, 45]
(0, 3, 1, 1) : [16, 41, 44, 45]
(0, 3, 1, 2) : [45, 60, 61, 64]
(0, 3, 1, 3) : [45, 59, 64, 65]
(0, 3, 1, 4) : [45, 61, 63, 64]
(0, 3, 2, 0) : [9, 16, 17, 26]
(0, 3, 2, 1) : [9, 16, 17, 45]
(0, 3, 2, 2) : [45, 60, 61, 64]
(0, 3, 2, 3) : [45, 59, 64, 65]
(0, 3, 2, 4) : [45, 61, 63, 64]
(0, 3, 3, 0) : [9, 16, 17, 45]
(0, 3, 3, 1) : [9, 16, 17, 26]
(0, 3, 3, 2) : [16, 41, 44, 45]
(0, 3, 3, 3) : [45, 59, 64, 65]
(0, 3, 3, 4) : [45, 61, 63, 64]
(0, 3, 4, 0) : [9, 16, 17, 45]
(0, 3, 4, 1) : [9, 16, 17, 26]
(0, 3, 4, 2) : [45, 60, 61, 64]
(0, 3, 4, 3) : [16, 41, 44, 45]
(0, 3, 4, 4) : [45, 61, 63, 64]
(0, 3, 5, 0) : [9, 16, 17, 45]
(0, 3, 5, 1) : [9, 16, 17, 26]
(0, 3, 5, 2) : [16, 41, 44, 45]
(0, 3, 5, 3) : [45, 60, 61, 64]
(0, 3, 5, 4) : [45, 59, 64, 65]
(0, 4, 0) : [9, 16, 17, 45]
(0, 4, 1) : [9, 16, 17, 26]
(0, 4, 2) : [16, 41, 44, 45]
(0, 4, 3) : [45, 60, 64, 65]
(0, 4, 4) : [45, 61, 63, 64]
(0, 4, 5) : [45, 60, 61, 64]
(0, 4, 0, 0) : [9, 16, 17, 26]
(0, 4, 0, 1) : [16, 41, 44, 45]
(0, 4, 0, 2) : [45, 60, 64, 65]
(0, 4, 0, 3) : [45, 61, 63, 64]
(0, 4, 0, 4) : [45, 60, 61, 64]
(0, 4, 1, 0) : [9, 16, 17, 45]
(0, 4, 1, 1) : [16, 41, 44, 45]
(0, 4, 1, 2) : [45, 60, 64, 65]
(0, 4, 1, 3) : [45, 61, 63, 64]
(0, 4, 1, 4) : [45, 60, 61, 64]
(0, 4, 2, 0) : [9, 16, 17, 45]
(0, 4, 2, 1) : [9, 16, 17, 26]
(0, 4, 2, 2) : [45, 60, 64, 65]
(0, 4, 2, 3) : [45, 61, 63, 64]
(0, 4, 2, 4) : [45, 60, 61, 64]
(0, 4, 3, 0) : [9, 16, 17, 45]
(0, 4, 3, 1) : [9, 16, 17, 26]
(0, 4, 3, 2) : [45, 60, 61, 64]
(0, 4, 3, 3) : [16, 41, 44, 45]
(0, 4, 3, 4) : [45, 61, 63, 64]
(0, 4, 4, 0) : [9, 16, 17, 45]
(0, 4, 4, 1) : [9, 16, 17, 26]
(0, 4, 4, 2) : [16, 41, 44, 45]
(0, 4, 4, 3) : [45, 60, 64, 65]
(0, 4, 4, 4) : [45, 60, 61, 64]
(0, 4, 5, 0) : [9, 16, 17, 45]
(0, 4, 5, 1) : [9, 16, 17, 26]
(0, 4, 5, 2) : [16, 41, 44, 45]
(0, 4, 5, 3) : [45, 60, 64, 65]
(0, 4, 5, 4) : [45, 61, 63, 64]
(0, 5, 0) : [9, 16, 17, 45]
(0, 5, 1) : [9, 16, 17, 26]
(0, 5, 2) : [16, 41, 44, 45]
(0, 5, 3) : [45, 60, 64, 65]
(0, 5, 4) : [45, 59, 64, 65]
(0, 5, 5) : [45, 61, 63, 64]
(0, 5, 0, 0) : [9, 16, 17, 26]
(0, 5, 0, 1) : [16, 41, 44, 45]
(0, 5, 0, 2) : [45, 60, 64, 65]
(0, 5, 0, 3) : [45, 59, 64, 65]
(0, 5, 0, 4) : [45, 61, 63, 64]
(0, 5, 1, 0) : [9, 16, 17, 45]
(0, 5, 1, 1) : [16, 41, 44, 45]
(0, 5, 1, 2) : [45, 60, 64, 65]
(0, 5, 1, 3) : [45, 59, 64, 65]
(0, 5, 1, 4) : [45, 61, 63, 64]
(0, 5, 2, 0) : [9, 16, 17, 26]
(0, 5, 2, 1) : [9, 16, 17, 45]
(0, 5, 2, 2) : [45, 60, 64, 65]
(0, 5, 2, 3) : [45, 59, 64, 65]
(0, 5, 2, 4) : [45, 61, 63, 64]
(0, 5, 3, 0) : [9, 16, 17, 45]
(0, 5, 3, 1) : [9, 16, 17, 26]
(0, 5, 3, 2) : [16, 41, 44, 45]
(0, 5, 3, 3) : [45, 59, 64, 65]
(0, 5, 3, 4) : [45, 61, 63, 64]
(0, 5, 4, 0) : [9, 16, 17, 45]
(0, 5, 4, 1) : [9, 16, 17, 26]
(0, 5, 4, 2) : [16, 41, 44, 45]
(0, 5, 4, 3) : [45, 60, 64, 65]
(0, 5, 4, 4) : [45, 61, 63, 64]
(0, 5, 5, 0) : [9, 16, 17, 45]
(0, 5, 5, 1) : [9, 16, 17, 26]
(0, 5, 5, 2) : [45, 60, 64, 65]
(0, 5, 5, 3) : [16, 41, 44, 45]
(0, 5, 5, 4) : [45, 59, 64, 65]
(0, 6, 0) : [9, 16, 17, 45]
(0, 6, 1) : [9, 16, 17, 26]
(0, 6, 2) : [16, 41, 44, 45]
(0, 6, 3) : [45, 60, 64, 65]
(0, 6, 4) : [45, 59, 64, 65]
(0, 6, 5) : [45, 60, 61, 64]
(0, 6, 0, 0) : [9, 16, 17, 26]
(0, 6, 0, 1) : [16, 41, 44, 45]
(0, 6, 0, 2) : [45, 60, 64, 65]
(0, 6, 0, 3) : [45, 59, 64, 65]
(0, 6, 0, 4) : [45, 60, 61, 64]
(0, 6, 1, 0) : [9, 16, 17, 45]
(0, 6, 1, 1) : [16, 41, 44, 45]
(0, 6, 1, 2) : [45, 60, 64, 65]
(0, 6, 1, 3) : [45, 59, 64, 65]
(0, 6, 1, 4) : [45, 60, 61, 64]
(0, 6, 2, 0) : [9, 16, 17, 45]
(0, 6, 2, 1) : [9, 16, 17, 26]
(0, 6, 2, 2) : [45, 60, 64, 65]
(0, 6, 2, 3) : [45, 59, 64, 65]
(0, 6, 2, 4) : [45, 60, 61, 64]
(0, 6, 3, 0) : [9, 16, 17, 45]
(0, 6, 3, 1) : [9, 16, 17, 26]
(0, 6, 3, 2) : [16, 41, 44, 45]
(0, 6, 3, 3) : [45, 60, 61, 64]
(0, 6, 3, 4) : [45, 59, 64, 65]
(0, 6, 4, 0) : [9, 16, 17, 45]
(0, 6, 4, 1) : [9, 16, 17, 26]
(0, 6, 4, 2) : [16, 41, 44, 45]
(0, 6, 4, 3) : [45, 60, 64, 65]
(0, 6, 4, 4) : [45, 60, 61, 64]
(0, 6, 5, 0) : [9, 16, 17, 45]
(0, 6, 5, 1) : [9, 16, 17, 26]
(0, 6, 5, 2) : [45, 60, 64, 65]
(0, 6, 5, 3) : [16, 41, 44, 45]
(0, 6, 5, 4) : [45, 59, 64, 65]
