Dict_of_clique_size_combinations:
(7, 5, 5) : 72

Solution Time:
20144.4680287838

X_history_database:
(0, 0) : [826, 1031, 1098, 1140, 1571, 1572, 1674]
(0, 0, 0) : [254, 348, 375, 578, 1156]
(0, 0, 1) : [869, 1031, 1098, 1571, 1572]
(0, 0, 2) : [265, 937, 948, 1257, 1667]
(0, 0, 3) : [44, 130, 335, 361, 362]
(0, 0, 4) : [265, 338, 948, 1257, 1667]
(0, 0, 5) : [254, 348, 375, 578, 1090]
(0, 0, 6) : [130, 335, 361, 362, 703]
(0, 0, 7) : [338, 948, 1158, 1257, 1667]
(0, 0, 8) : [254, 348, 578, 1090, 1191]
(0, 0, 0, 0) : [254, 348, 375, 578, 1090]
(0, 0, 0, 1) : [265, 937, 948, 1257, 1667]
(0, 0, 0, 2) : [44, 130, 335, 361, 362]
(0, 0, 0, 3) : [265, 338, 948, 1257, 1667]
(0, 0, 0, 4) : [130, 335, 361, 362, 703]
(0, 0, 0, 5) : [869, 1031, 1098, 1571, 1572]
(0, 0, 0, 6) : [254, 348, 578, 1090, 1191]
(0, 0, 0, 7) : [338, 948, 1158, 1257, 1667]
(0, 0, 1, 0) : [265, 937, 948, 1257, 1667]
(0, 0, 1, 1) : [254, 348, 375, 578, 1156]
(0, 0, 1, 2) : [130, 335, 361, 362, 703]
(0, 0, 1, 3) : [44, 130, 335, 361, 362]
(0, 0, 1, 4) : [265, 338, 948, 1257, 1667]
(0, 0, 1, 5) : [338, 948, 1158, 1257, 1667]
(0, 0, 1, 6) : [254, 348, 375, 578, 1090]
(0, 0, 1, 7) : [254, 348, 578, 1090, 1191]
(0, 0, 2, 0) : [254, 348, 375, 578, 1156]
(0, 0, 2, 1) : [254, 348, 375, 578, 1090]
(0, 0, 2, 2) : [44, 130, 335, 361, 362]
(0, 0, 2, 3) : [869, 1031, 1098, 1571, 1572]
(0, 0, 2, 4) : [338, 948, 1158, 1257, 1667]
(0, 0, 2, 5) : [265, 338, 948, 1257, 1667]
(0, 0, 2, 6) : [254, 348, 578, 1090, 1191]
(0, 0, 2, 7) : [130, 335, 361, 362, 703]
(0, 0, 3, 0) : [265, 937, 948, 1257, 1667]
(0, 0, 3, 1) : [254, 348, 375, 578, 1156]
(0, 0, 3, 2) : [130, 335, 361, 362, 703]
(0, 0, 3, 3) : [265, 338, 948, 1257, 1667]
(0, 0, 3, 4) : [254, 348, 375, 578, 1090]
(0, 0, 3, 5) : [338, 948, 1158, 1257, 1667]
(0, 0, 3, 6) : [254, 348, 578, 1090, 1191]
(0, 0, 3, 7) : [869, 1031, 1098, 1571, 1572]
(0, 0, 4, 0) : [254, 348, 375, 578, 1090]
(0, 0, 4, 1) : [265, 937, 948, 1257, 1667]
(0, 0, 4, 2) : [254, 348, 375, 578, 1156]
(0, 0, 4, 3) : [130, 335, 361, 362, 703]
(0, 0, 4, 4) : [44, 130, 335, 361, 362]
(0, 0, 4, 5) : [869, 1031, 1098, 1571, 1572]
(0, 0, 4, 6) : [338, 948, 1158, 1257, 1667]
(0, 0, 4, 7) : [254, 348, 578, 1090, 1191]
(0, 0, 5, 0) : [265, 937, 948, 1257, 1667]
(0, 0, 5, 1) : [254, 348, 375, 578, 1156]
(0, 0, 5, 2) : [130, 335, 361, 362, 703]
(0, 0, 5, 3) : [44, 130, 335, 361, 362]
(0, 0, 5, 4) : [265, 338, 948, 1257, 1667]
(0, 0, 5, 5) : [254, 348, 578, 1090, 1191]
(0, 0, 5, 6) : [869, 1031, 1098, 1571, 1572]
(0, 0, 5, 7) : [338, 948, 1158, 1257, 1667]
(0, 0, 6, 0) : [254, 348, 375, 578, 1090]
(0, 0, 6, 1) : [265, 937, 948, 1257, 1667]
(0, 0, 6, 2) : [254, 348, 375, 578, 1156]
(0, 0, 6, 3) : [44, 130, 335, 361, 362]
(0, 0, 6, 4) : [265, 338, 948, 1257, 1667]
(0, 0, 6, 5) : [869, 1031, 1098, 1571, 1572]
(0, 0, 6, 6) : [338, 948, 1158, 1257, 1667]
(0, 0, 6, 7) : [254, 348, 578, 1090, 1191]
(0, 0, 7, 0) : [869, 1031, 1098, 1571, 1572]
(0, 0, 7, 1) : [265, 937, 948, 1257, 1667]
(0, 0, 7, 2) : [254, 348, 375, 578, 1156]
(0, 0, 7, 3) : [130, 335, 361, 362, 703]
(0, 0, 7, 4) : [44, 130, 335, 361, 362]
(0, 0, 7, 5) : [254, 348, 578, 1090, 1191]
(0, 0, 7, 6) : [254, 348, 375, 578, 1090]
(0, 0, 7, 7) : [265, 338, 948, 1257, 1667]
(0, 0, 8, 0) : [265, 937, 948, 1257, 1667]
(0, 0, 8, 1) : [254, 348, 375, 578, 1156]
(0, 0, 8, 2) : [130, 335, 361, 362, 703]
(0, 0, 8, 3) : [44, 130, 335, 361, 362]
(0, 0, 8, 4) : [265, 338, 948, 1257, 1667]
(0, 0, 8, 5) : [338, 948, 1158, 1257, 1667]
(0, 0, 8, 6) : [869, 1031, 1098, 1571, 1572]
(0, 0, 8, 7) : [254, 348, 375, 578, 1090]
