Dict_of_clique_size_combinations:
(5, 4) : 18

Solution Time:
0.21786260604858398

X_history_database:
(0, 0) : [1, 9, 12, 14, 18]
(0, 0, 0) : [1, 6, 9, 23]
(0, 0, 1) : [1, 6, 9, 13]
(0, 0, 2) : [1, 6, 9, 14]
(0, 0, 3) : [6, 9, 14, 17]
(0, 0, 4) : [1, 9, 12, 23]
(0, 0, 5) : [7, 9, 14, 17]
(0, 0, 6) : [6, 9, 11, 13]
(0, 0, 7) : [1, 2, 4, 16]
(0, 0, 8) : [6, 9, 11, 19]
(0, 0, 9) : [1, 5, 13, 15]
(0, 0, 10) : [1, 5, 15, 22]
(0, 0, 11) : [1, 6, 9, 19]
(0, 0, 12) : [5, 8, 13, 15]
(0, 0, 13) : [1, 9, 13, 20]
(0, 0, 14) : [1, 6, 13, 21]
(0, 0, 15) : [1, 6, 10, 14]
(0, 0, 16) : [1, 5, 14, 15]
(0, 0, 17) : [1, 5, 10, 14]
