Dict_of_clique_size_combinations:
(3, 3) : 3192

Solution Time:
9.847851991653442

X_history_database:
(0, 0) : [11, 14, 15]
(0, 1) : [9, 17, 18]
(0, 2) : [3, 5, 31]
(0, 3) : [41, 43, 44]
(0, 4) : [1, 4, 5]
(0, 5) : [34, 41, 42]
(0, 6) : [14, 16, 38]
(0, 7) : [1, 2, 3]
(0, 8) : [42, 44, 45]
(0, 9) : [15, 17, 20]
(0, 10) : [8, 18, 19]
(0, 11) : [1, 3, 5]
(0, 12) : [5, 8, 42]
(0, 13) : [41, 42, 44]
(0, 14) : [26, 30, 45]
(0, 15) : [22, 46, 47]
(0, 16) : [17, 18, 19]
(0, 17) : [8, 34, 42]
(0, 18) : [17, 19, 20]
(0, 19) : [14, 15, 38]
(0, 20) : [5, 27, 42]
(0, 21) : [15, 20, 38]
(0, 22) : [22, 23, 47]
(0, 23) : [5, 27, 31]
(0, 24) : [28, 29, 30]
(0, 25) : [27, 42, 45]
(0, 26) : [8, 9, 18]
(0, 27) : [33, 35, 36]
(0, 28) : [20, 38, 39]
(0, 29) : [6, 8, 9]
(0, 30) : [16, 38, 40]
(0, 31) : [33, 34, 37]
(0, 32) : [26, 27, 45]
(0, 33) : [25, 26, 27]
(0, 34) : [36, 39, 49]
(0, 35) : [20, 36, 39]
(0, 36) : [26, 28, 30]
(0, 37) : [4, 6, 7]
(0, 38) : [4, 5, 6]
(0, 39) : [9, 13, 17]
(0, 40) : [6, 7, 10]
(0, 41) : [8, 33, 34]
(0, 42) : [19, 20, 36]
(0, 43) : [9, 10, 13]
(0, 44) : [6, 9, 10]
(0, 45) : [5, 6, 8]
(0, 46) : [35, 36, 49]
(0, 47) : [21, 22, 23]
(0, 48) : [8, 19, 33]
(0, 49) : [12, 14, 16]
(0, 50) : [11, 12, 14]
(0, 51) : [33, 35, 37]
(0, 52) : [3, 31, 32]
(0, 53) : [19, 33, 36]
(0, 54) : [23, 29, 30]
(0, 55) : [30, 44, 45]
(0, 56) : [21, 22, 24]
(0, 0, 0) : [3, 5, 31]
(0, 0, 1) : [4, 5, 6]
(0, 0, 2) : [1, 4, 5]
(0, 0, 3) : [34, 41, 42]
(0, 0, 4) : [14, 16, 38]
(0, 0, 5) : [21, 22, 24]
(0, 0, 6) : [1, 2, 3]
(0, 0, 7) : [15, 17, 20]
(0, 0, 8) : [8, 18, 19]
(0, 0, 9) : [5, 8, 42]
(0, 0, 10) : [20, 36, 39]
(0, 0, 11) : [17, 18, 19]
(0, 0, 12) : [26, 30, 45]
(0, 0, 13) : [5, 6, 8]
(0, 0, 14) : [8, 9, 18]
(0, 0, 15) : [8, 33, 34]
(0, 0, 16) : [17, 19, 20]
(0, 0, 17) : [14, 15, 38]
(0, 0, 18) : [30, 44, 45]
(0, 0, 19) : [35, 36, 49]
(0, 0, 20) : [5, 27, 42]
(0, 0, 21) : [15, 20, 38]
(0, 0, 22) : [9, 10, 13]
(0, 0, 23) : [8, 34, 42]
(0, 0, 24) : [22, 23, 47]
(0, 0, 25) : [5, 27, 31]
(0, 0, 26) : [28, 29, 30]
(0, 0, 27) : [27, 42, 45]
(0, 0, 28) : [41, 42, 44]
(0, 0, 29) : [33, 35, 36]
(0, 0, 30) : [20, 38, 39]
(0, 0, 31) : [6, 8, 9]
(0, 0, 32) : [16, 38, 40]
(0, 0, 33) : [33, 34, 37]
(0, 0, 34) : [26, 27, 45]
(0, 0, 35) : [25, 26, 27]
(0, 0, 36) : [36, 39, 49]
(0, 0, 37) : [26, 28, 30]
(0, 0, 38) : [4, 6, 7]
(0, 0, 39) : [9, 13, 17]
(0, 0, 40) : [42, 44, 45]
(0, 0, 41) : [6, 7, 10]
(0, 0, 42) : [19, 20, 36]
(0, 0, 43) : [6, 9, 10]
(0, 0, 44) : [41, 43, 44]
(0, 0, 45) : [9, 17, 18]
(0, 0, 46) : [22, 46, 47]
(0, 0, 47) : [21, 22, 23]
(0, 0, 48) : [1, 3, 5]
(0, 0, 49) : [8, 19, 33]
(0, 0, 50) : [12, 14, 16]
(0, 0, 51) : [11, 12, 14]
(0, 0, 52) : [33, 35, 37]
(0, 0, 53) : [3, 31, 32]
(0, 0, 54) : [19, 33, 36]
(0, 0, 55) : [23, 29, 30]
(0, 1, 0) : [22, 23, 47]
(0, 1, 1) : [23, 29, 30]
(0, 1, 2) : [22, 46, 47]
(0, 1, 3) : [9, 13, 17]
(0, 1, 4) : [4, 5, 6]
(0, 1, 5) : [11, 12, 14]
(0, 1, 6) : [21, 22, 24]
(0, 1, 7) : [1, 2, 3]
(0, 1, 8) : [15, 17, 20]
(0, 1, 9) : [8, 18, 19]
(0, 1, 10) : [5, 8, 42]
(0, 1, 11) : [20, 36, 39]
(0, 1, 12) : [5, 6, 8]
(0, 1, 13) : [30, 44, 45]
(0, 1, 14) : [42, 44, 45]
(0, 1, 15) : [8, 19, 33]
(0, 1, 16) : [14, 16, 38]
(0, 1, 17) : [14, 15, 38]
(0, 1, 18) : [20, 38, 39]
(0, 1, 19) : [17, 19, 20]
(0, 1, 20) : [15, 20, 38]
(0, 1, 21) : [33, 34, 37]
(0, 1, 22) : [26, 30, 45]
(0, 1, 23) : [11, 14, 15]
(0, 1, 24) : [8, 33, 34]
(0, 1, 25) : [12, 14, 16]
(0, 1, 26) : [3, 5, 31]
(0, 1, 27) : [5, 27, 31]
(0, 1, 28) : [26, 28, 30]
(0, 1, 29) : [8, 9, 18]
(0, 1, 30) : [33, 35, 37]
(0, 1, 31) : [3, 31, 32]
(0, 1, 32) : [6, 9, 10]
(0, 1, 33) : [6, 7, 10]
(0, 1, 34) : [6, 8, 9]
(0, 1, 35) : [21, 22, 23]
(0, 1, 36) : [41, 43, 44]
(0, 1, 37) : [25, 26, 27]
(0, 1, 38) : [9, 10, 13]
(0, 1, 39) : [16, 38, 40]
(0, 1, 40) : [26, 27, 45]
(0, 1, 41) : [36, 39, 49]
(0, 1, 42) : [35, 36, 49]
(0, 1, 43) : [4, 6, 7]
(0, 1, 44) : [41, 42, 44]
(0, 1, 45) : [19, 20, 36]
(0, 1, 46) : [19, 33, 36]
(0, 1, 47) : [8, 34, 42]
(0, 1, 48) : [27, 42, 45]
(0, 1, 49) : [5, 27, 42]
(0, 1, 50) : [34, 41, 42]
(0, 1, 51) : [33, 35, 36]
(0, 1, 52) : [28, 29, 30]
(0, 1, 53) : [1, 4, 5]
(0, 1, 54) : [1, 3, 5]
(0, 1, 55) : [17, 18, 19]
(0, 2, 0) : [11, 14, 15]
(0, 2, 1) : [4, 5, 6]
(0, 2, 2) : [34, 41, 42]
(0, 2, 3) : [14, 16, 38]
(0, 2, 4) : [21, 22, 24]
(0, 2, 5) : [1, 2, 3]
(0, 2, 6) : [15, 17, 20]
(0, 2, 7) : [8, 18, 19]
(0, 2, 8) : [5, 8, 42]
(0, 2, 9) : [20, 36, 39]
(0, 2, 10) : [17, 18, 19]
(0, 2, 11) : [26, 30, 45]
(0, 2, 12) : [5, 6, 8]
(0, 2, 13) : [8, 9, 18]
(0, 2, 14) : [8, 33, 34]
(0, 2, 15) : [17, 19, 20]
(0, 2, 16) : [14, 15, 38]
(0, 2, 17) : [30, 44, 45]
(0, 2, 18) : [5, 27, 42]
(0, 2, 19) : [15, 20, 38]
(0, 2, 20) : [9, 10, 13]
(0, 2, 21) : [8, 34, 42]
(0, 2, 22) : [22, 23, 47]
(0, 2, 23) : [5, 27, 31]
(0, 2, 24) : [28, 29, 30]
(0, 2, 25) : [27, 42, 45]
(0, 2, 26) : [41, 42, 44]
(0, 2, 27) : [33, 35, 36]
(0, 2, 28) : [20, 38, 39]
(0, 2, 29) : [6, 8, 9]
(0, 2, 30) : [16, 38, 40]
(0, 2, 31) : [33, 34, 37]
(0, 2, 32) : [26, 27, 45]
(0, 2, 33) : [25, 26, 27]
(0, 2, 34) : [36, 39, 49]
(0, 2, 35) : [26, 28, 30]
(0, 2, 36) : [4, 6, 7]
(0, 2, 37) : [9, 13, 17]
(0, 2, 38) : [42, 44, 45]
(0, 2, 39) : [6, 7, 10]
(0, 2, 40) : [19, 20, 36]
(0, 2, 41) : [6, 9, 10]
(0, 2, 42) : [41, 43, 44]
(0, 2, 43) : [9, 17, 18]
(0, 2, 44) : [35, 36, 49]
(0, 2, 45) : [1, 4, 5]
(0, 2, 46) : [22, 46, 47]
(0, 2, 47) : [21, 22, 23]
(0, 2, 48) : [1, 3, 5]
(0, 2, 49) : [8, 19, 33]
(0, 2, 50) : [12, 14, 16]
(0, 2, 51) : [11, 12, 14]
(0, 2, 52) : [33, 35, 37]
(0, 2, 53) : [3, 31, 32]
(0, 2, 54) : [19, 33, 36]
(0, 2, 55) : [23, 29, 30]
(0, 3, 0) : [11, 14, 15]
(0, 3, 1) : [3, 5, 31]
(0, 3, 2) : [4, 5, 6]
(0, 3, 3) : [1, 4, 5]
(0, 3, 4) : [34, 41, 42]
(0, 3, 5) : [14, 16, 38]
(0, 3, 6) : [21, 22, 24]
(0, 3, 7) : [1, 2, 3]
(0, 3, 8) : [15, 17, 20]
(0, 3, 9) : [8, 18, 19]
(0, 3, 10) : [5, 8, 42]
(0, 3, 11) : [20, 36, 39]
(0, 3, 12) : [17, 18, 19]
(0, 3, 13) : [26, 30, 45]
(0, 3, 14) : [5, 6, 8]
(0, 3, 15) : [8, 9, 18]
(0, 3, 16) : [8, 33, 34]
(0, 3, 17) : [17, 19, 20]
(0, 3, 18) : [14, 15, 38]
(0, 3, 19) : [30, 44, 45]
(0, 3, 20) : [5, 27, 42]
(0, 3, 21) : [15, 20, 38]
(0, 3, 22) : [9, 10, 13]
(0, 3, 23) : [8, 34, 42]
(0, 3, 24) : [22, 23, 47]
(0, 3, 25) : [5, 27, 31]
(0, 3, 26) : [28, 29, 30]
(0, 3, 27) : [27, 42, 45]
(0, 3, 28) : [41, 42, 44]
(0, 3, 29) : [33, 35, 36]
(0, 3, 30) : [20, 38, 39]
(0, 3, 31) : [6, 8, 9]
(0, 3, 32) : [16, 38, 40]
(0, 3, 33) : [26, 27, 45]
(0, 3, 34) : [25, 26, 27]
(0, 3, 35) : [6, 9, 10]
(0, 3, 36) : [36, 39, 49]
(0, 3, 37) : [26, 28, 30]
(0, 3, 38) : [4, 6, 7]
(0, 3, 39) : [9, 13, 17]
(0, 3, 40) : [6, 7, 10]
(0, 3, 41) : [42, 44, 45]
(0, 3, 42) : [33, 34, 37]
(0, 3, 43) : [8, 19, 33]
(0, 3, 44) : [35, 36, 49]
(0, 3, 45) : [9, 17, 18]
(0, 3, 46) : [12, 14, 16]
(0, 3, 47) : [11, 12, 14]
(0, 3, 48) : [19, 20, 36]
(0, 3, 49) : [22, 46, 47]
(0, 3, 50) : [33, 35, 37]
(0, 3, 51) : [3, 31, 32]
(0, 3, 52) : [1, 3, 5]
(0, 3, 53) : [21, 22, 23]
(0, 3, 54) : [19, 33, 36]
(0, 3, 55) : [23, 29, 30]
(0, 4, 0) : [11, 14, 15]
(0, 4, 1) : [3, 5, 31]
(0, 4, 2) : [4, 5, 6]
(0, 4, 3) : [34, 41, 42]
(0, 4, 4) : [14, 16, 38]
(0, 4, 5) : [21, 22, 24]
(0, 4, 6) : [1, 2, 3]
(0, 4, 7) : [15, 17, 20]
(0, 4, 8) : [8, 18, 19]
(0, 4, 9) : [5, 8, 42]
(0, 4, 10) : [20, 36, 39]
(0, 4, 11) : [17, 18, 19]
(0, 4, 12) : [26, 30, 45]
(0, 4, 13) : [5, 6, 8]
(0, 4, 14) : [8, 9, 18]
(0, 4, 15) : [8, 33, 34]
(0, 4, 16) : [17, 19, 20]
(0, 4, 17) : [14, 15, 38]
(0, 4, 18) : [30, 44, 45]
(0, 4, 19) : [5, 27, 42]
(0, 4, 20) : [15, 20, 38]
(0, 4, 21) : [9, 10, 13]
(0, 4, 22) : [8, 34, 42]
(0, 4, 23) : [22, 23, 47]
(0, 4, 24) : [5, 27, 31]
(0, 4, 25) : [28, 29, 30]
(0, 4, 26) : [27, 42, 45]
(0, 4, 27) : [41, 42, 44]
(0, 4, 28) : [33, 35, 36]
(0, 4, 29) : [20, 38, 39]
(0, 4, 30) : [6, 8, 9]
(0, 4, 31) : [1, 3, 5]
(0, 4, 32) : [16, 38, 40]
(0, 4, 33) : [33, 34, 37]
(0, 4, 34) : [26, 27, 45]
(0, 4, 35) : [25, 26, 27]
(0, 4, 36) : [36, 39, 49]
(0, 4, 37) : [26, 28, 30]
(0, 4, 38) : [4, 6, 7]
(0, 4, 39) : [9, 13, 17]
(0, 4, 40) : [42, 44, 45]
(0, 4, 41) : [6, 7, 10]
(0, 4, 42) : [19, 20, 36]
(0, 4, 43) : [6, 9, 10]
(0, 4, 44) : [41, 43, 44]
(0, 4, 45) : [9, 17, 18]
(0, 4, 46) : [35, 36, 49]
(0, 4, 47) : [22, 46, 47]
(0, 4, 48) : [21, 22, 23]
(0, 4, 49) : [8, 19, 33]
(0, 4, 50) : [12, 14, 16]
(0, 4, 51) : [11, 12, 14]
(0, 4, 52) : [33, 35, 37]
(0, 4, 53) : [3, 31, 32]
(0, 4, 54) : [19, 33, 36]
(0, 4, 55) : [23, 29, 30]
(0, 5, 0) : [3, 5, 31]
(0, 5, 1) : [4, 5, 6]
(0, 5, 2) : [1, 4, 5]
(0, 5, 3) : [21, 22, 24]
(0, 5, 4) : [1, 2, 3]
(0, 5, 5) : [15, 17, 20]
(0, 5, 6) : [8, 18, 19]
(0, 5, 7) : [5, 6, 8]
(0, 5, 8) : [5, 27, 42]
(0, 5, 9) : [20, 36, 39]
(0, 5, 10) : [17, 18, 19]
(0, 5, 11) : [5, 8, 42]
(0, 5, 12) : [26, 30, 45]
(0, 5, 13) : [8, 9, 18]
(0, 5, 14) : [11, 14, 15]
(0, 5, 15) : [17, 19, 20]
(0, 5, 16) : [14, 15, 38]
(0, 5, 17) : [30, 44, 45]
(0, 5, 18) : [8, 34, 42]
(0, 5, 19) : [8, 33, 34]
(0, 5, 20) : [15, 20, 38]
(0, 5, 21) : [9, 10, 13]
(0, 5, 22) : [22, 23, 47]
(0, 5, 23) : [5, 27, 31]
(0, 5, 24) : [28, 29, 30]
(0, 5, 25) : [20, 38, 39]
(0, 5, 26) : [27, 42, 45]
(0, 5, 27) : [41, 42, 44]
(0, 5, 28) : [33, 35, 36]
(0, 5, 29) : [42, 44, 45]
(0, 5, 30) : [26, 27, 45]
(0, 5, 31) : [25, 26, 27]
(0, 5, 32) : [36, 39, 49]
(0, 5, 33) : [26, 28, 30]
(0, 5, 34) : [6, 8, 9]
(0, 5, 35) : [14, 16, 38]
(0, 5, 36) : [4, 6, 7]
(0, 5, 37) : [9, 13, 17]
(0, 5, 38) : [41, 43, 44]
(0, 5, 39) : [33, 34, 37]
(0, 5, 40) : [35, 36, 49]
(0, 5, 41) : [19, 20, 36]
(0, 5, 42) : [8, 19, 33]
(0, 5, 43) : [16, 38, 40]
(0, 5, 44) : [1, 3, 5]
(0, 5, 45) : [22, 46, 47]
(0, 5, 46) : [9, 17, 18]
(0, 5, 47) : [12, 14, 16]
(0, 5, 48) : [11, 12, 14]
(0, 5, 49) : [6, 7, 10]
(0, 5, 50) : [33, 35, 37]
(0, 5, 51) : [6, 9, 10]
(0, 5, 52) : [21, 22, 23]
(0, 5, 53) : [3, 31, 32]
(0, 5, 54) : [19, 33, 36]
(0, 5, 55) : [23, 29, 30]
(0, 6, 0) : [11, 14, 15]
(0, 6, 1) : [41, 43, 44]
(0, 6, 2) : [3, 5, 31]
(0, 6, 3) : [4, 5, 6]
(0, 6, 4) : [1, 4, 5]
(0, 6, 5) : [34, 41, 42]
(0, 6, 6) : [21, 22, 24]
(0, 6, 7) : [1, 2, 3]
(0, 6, 8) : [42, 44, 45]
(0, 6, 9) : [15, 17, 20]
(0, 6, 10) : [8, 18, 19]
(0, 6, 11) : [5, 8, 42]
(0, 6, 12) : [20, 36, 39]
(0, 6, 13) : [41, 42, 44]
(0, 6, 14) : [17, 18, 19]
(0, 6, 15) : [30, 44, 45]
(0, 6, 16) : [8, 33, 34]
(0, 6, 17) : [17, 19, 20]
(0, 6, 18) : [14, 15, 38]
(0, 6, 19) : [5, 27, 42]
(0, 6, 20) : [15, 20, 38]
(0, 6, 21) : [9, 10, 13]
(0, 6, 22) : [8, 34, 42]
(0, 6, 23) : [22, 23, 47]
(0, 6, 24) : [5, 27, 31]
(0, 6, 25) : [28, 29, 30]
(0, 6, 26) : [27, 42, 45]
(0, 6, 27) : [26, 27, 45]
(0, 6, 28) : [33, 35, 36]
(0, 6, 29) : [25, 26, 27]
(0, 6, 30) : [26, 30, 45]
(0, 6, 31) : [8, 9, 18]
(0, 6, 32) : [36, 39, 49]
(0, 6, 33) : [6, 9, 10]
(0, 6, 34) : [6, 8, 9]
(0, 6, 35) : [16, 38, 40]
(0, 6, 36) : [26, 28, 30]
(0, 6, 37) : [4, 6, 7]
(0, 6, 38) : [33, 34, 37]
(0, 6, 39) : [9, 17, 18]
(0, 6, 40) : [12, 14, 16]
(0, 6, 41) : [11, 12, 14]
(0, 6, 42) : [5, 6, 8]
(0, 6, 43) : [22, 46, 47]
(0, 6, 44) : [8, 19, 33]
(0, 6, 45) : [35, 36, 49]
(0, 6, 46) : [21, 22, 23]
(0, 6, 47) : [6, 7, 10]
(0, 6, 48) : [19, 20, 36]
(0, 6, 49) : [1, 3, 5]
(0, 6, 50) : [3, 31, 32]
(0, 6, 51) : [9, 13, 17]
(0, 6, 52) : [33, 35, 37]
(0, 6, 53) : [20, 38, 39]
(0, 6, 54) : [19, 33, 36]
(0, 6, 55) : [23, 29, 30]
(0, 7, 0) : [41, 43, 44]
(0, 7, 1) : [6, 7, 10]
(0, 7, 2) : [33, 35, 36]
(0, 7, 3) : [11, 14, 15]
(0, 7, 4) : [16, 38, 40]
(0, 7, 5) : [17, 18, 19]
(0, 7, 6) : [22, 46, 47]
(0, 7, 7) : [11, 12, 14]
(0, 7, 8) : [33, 35, 37]
(0, 7, 9) : [21, 22, 24]
(0, 7, 10) : [1, 3, 5]
(0, 7, 11) : [15, 17, 20]
(0, 7, 12) : [8, 18, 19]
(0, 7, 13) : [20, 38, 39]
(0, 7, 14) : [4, 6, 7]
(0, 7, 15) : [41, 42, 44]
(0, 7, 16) : [34, 41, 42]
(0, 7, 17) : [8, 34, 42]
(0, 7, 18) : [5, 8, 42]
(0, 7, 19) : [20, 36, 39]
(0, 7, 20) : [5, 27, 42]
(0, 7, 21) : [30, 44, 45]
(0, 7, 22) : [42, 44, 45]
(0, 7, 23) : [5, 27, 31]
(0, 7, 24) : [4, 5, 6]
(0, 7, 25) : [23, 29, 30]
(0, 7, 26) : [3, 5, 31]
(0, 7, 27) : [5, 6, 8]
(0, 7, 28) : [26, 28, 30]
(0, 7, 29) : [1, 4, 5]
(0, 7, 30) : [8, 9, 18]
(0, 7, 31) : [12, 14, 16]
(0, 7, 32) : [6, 8, 9]
(0, 7, 33) : [14, 16, 38]
(0, 7, 34) : [19, 20, 36]
(0, 7, 35) : [8, 33, 34]
(0, 7, 36) : [6, 9, 10]
(0, 7, 37) : [9, 13, 17]
(0, 7, 38) : [17, 19, 20]
(0, 7, 39) : [8, 19, 33]
(0, 7, 40) : [27, 42, 45]
(0, 7, 41) : [22, 23, 47]
(0, 7, 42) : [36, 39, 49]
(0, 7, 43) : [35, 36, 49]
(0, 7, 44) : [3, 31, 32]
(0, 7, 45) : [14, 15, 38]
(0, 7, 46) : [19, 33, 36]
(0, 7, 47) : [33, 34, 37]
(0, 7, 48) : [25, 26, 27]
(0, 7, 49) : [9, 17, 18]
(0, 7, 50) : [9, 10, 13]
(0, 7, 51) : [26, 27, 45]
(0, 7, 52) : [26, 30, 45]
(0, 7, 53) : [28, 29, 30]
(0, 7, 54) : [21, 22, 23]
(0, 7, 55) : [15, 20, 38]
(0, 8, 0) : [11, 14, 15]
(0, 8, 1) : [35, 36, 49]
(0, 8, 2) : [3, 5, 31]
(0, 8, 3) : [4, 5, 6]
(0, 8, 4) : [1, 4, 5]
(0, 8, 5) : [34, 41, 42]
(0, 8, 6) : [14, 16, 38]
(0, 8, 7) : [21, 22, 24]
(0, 8, 8) : [1, 2, 3]
(0, 8, 9) : [15, 17, 20]
(0, 8, 10) : [22, 23, 47]
(0, 8, 11) : [8, 18, 19]
(0, 8, 12) : [5, 6, 8]
(0, 8, 13) : [5, 27, 42]
(0, 8, 14) : [20, 36, 39]
(0, 8, 15) : [19, 20, 36]
(0, 8, 16) : [17, 18, 19]
(0, 8, 17) : [5, 8, 42]
(0, 8, 18) : [8, 33, 34]
(0, 8, 19) : [17, 19, 20]
(0, 8, 20) : [14, 15, 38]
(0, 8, 21) : [5, 27, 31]
(0, 8, 22) : [15, 20, 38]
(0, 8, 23) : [9, 10, 13]
(0, 8, 24) : [8, 34, 42]
(0, 8, 25) : [28, 29, 30]
(0, 8, 26) : [27, 42, 45]
(0, 8, 27) : [41, 42, 44]
(0, 8, 28) : [30, 44, 45]
(0, 8, 29) : [8, 9, 18]
(0, 8, 30) : [33, 35, 36]
(0, 8, 31) : [20, 38, 39]
(0, 8, 32) : [6, 8, 9]
(0, 8, 33) : [16, 38, 40]
(0, 8, 34) : [26, 30, 45]
(0, 8, 35) : [33, 34, 37]
(0, 8, 36) : [26, 27, 45]
(0, 8, 37) : [25, 26, 27]
(0, 8, 38) : [6, 9, 10]
(0, 8, 39) : [36, 39, 49]
(0, 8, 40) : [26, 28, 30]
(0, 8, 41) : [4, 6, 7]
(0, 8, 42) : [9, 13, 17]
(0, 8, 43) : [22, 46, 47]
(0, 8, 44) : [8, 19, 33]
(0, 8, 45) : [41, 43, 44]
(0, 8, 46) : [9, 17, 18]
(0, 8, 47) : [6, 7, 10]
(0, 8, 48) : [1, 3, 5]
(0, 8, 49) : [33, 35, 37]
(0, 8, 50) : [12, 14, 16]
(0, 8, 51) : [11, 12, 14]
(0, 8, 52) : [3, 31, 32]
(0, 8, 53) : [21, 22, 23]
(0, 8, 54) : [19, 33, 36]
(0, 8, 55) : [23, 29, 30]
(0, 9, 0) : [11, 14, 15]
(0, 9, 1) : [3, 5, 31]
(0, 9, 2) : [4, 5, 6]
(0, 9, 3) : [1, 4, 5]
(0, 9, 4) : [34, 41, 42]
(0, 9, 5) : [14, 16, 38]
(0, 9, 6) : [21, 22, 24]
(0, 9, 7) : [1, 2, 3]
(0, 9, 8) : [8, 19, 33]
(0, 9, 9) : [8, 18, 19]
(0, 9, 10) : [5, 8, 42]
(0, 9, 11) : [20, 38, 39]
(0, 9, 12) : [17, 18, 19]
(0, 9, 13) : [26, 30, 45]
(0, 9, 14) : [5, 6, 8]
(0, 9, 15) : [8, 33, 34]
(0, 9, 16) : [17, 19, 20]
(0, 9, 17) : [14, 15, 38]
(0, 9, 18) : [30, 44, 45]
(0, 9, 19) : [5, 27, 42]
(0, 9, 20) : [15, 20, 38]
(0, 9, 21) : [9, 10, 13]
(0, 9, 22) : [8, 34, 42]
(0, 9, 23) : [22, 23, 47]
(0, 9, 24) : [5, 27, 31]
(0, 9, 25) : [28, 29, 30]
(0, 9, 26) : [27, 42, 45]
(0, 9, 27) : [41, 42, 44]
(0, 9, 28) : [8, 9, 18]
(0, 9, 29) : [33, 35, 36]
(0, 9, 30) : [6, 8, 9]
(0, 9, 31) : [16, 38, 40]
(0, 9, 32) : [33, 34, 37]
(0, 9, 33) : [26, 27, 45]
(0, 9, 34) : [25, 26, 27]
(0, 9, 35) : [36, 39, 49]
(0, 9, 36) : [20, 36, 39]
(0, 9, 37) : [26, 28, 30]
(0, 9, 38) : [4, 6, 7]
(0, 9, 39) : [9, 13, 17]
(0, 9, 40) : [42, 44, 45]
(0, 9, 41) : [6, 7, 10]
(0, 9, 42) : [19, 20, 36]
(0, 9, 43) : [6, 9, 10]
(0, 9, 44) : [41, 43, 44]
(0, 9, 45) : [9, 17, 18]
(0, 9, 46) : [35, 36, 49]
(0, 9, 47) : [22, 46, 47]
(0, 9, 48) : [21, 22, 23]
(0, 9, 49) : [1, 3, 5]
(0, 9, 50) : [12, 14, 16]
(0, 9, 51) : [11, 12, 14]
(0, 9, 52) : [33, 35, 37]
(0, 9, 53) : [3, 31, 32]
(0, 9, 54) : [19, 33, 36]
(0, 9, 55) : [23, 29, 30]
(0, 10, 0) : [9, 17, 18]
(0, 10, 1) : [26, 28, 30]
(0, 10, 2) : [1, 4, 5]
(0, 10, 3) : [34, 41, 42]
(0, 10, 4) : [14, 16, 38]
(0, 10, 5) : [21, 22, 24]
(0, 10, 6) : [1, 2, 3]
(0, 10, 7) : [15, 17, 20]
(0, 10, 8) : [5, 6, 8]
(0, 10, 9) : [20, 36, 39]
(0, 10, 10) : [26, 27, 45]
(0, 10, 11) : [17, 19, 20]
(0, 10, 12) : [26, 30, 45]
(0, 10, 13) : [17, 18, 19]
(0, 10, 14) : [8, 33, 34]
(0, 10, 15) : [14, 15, 38]
(0, 10, 16) : [30, 44, 45]
(0, 10, 17) : [16, 38, 40]
(0, 10, 18) : [9, 10, 13]
(0, 10, 19) : [15, 20, 38]
(0, 10, 20) : [8, 34, 42]
(0, 10, 21) : [5, 27, 42]
(0, 10, 22) : [22, 23, 47]
(0, 10, 23) : [8, 9, 18]
(0, 10, 24) : [23, 29, 30]
(0, 10, 25) : [6, 7, 10]
(0, 10, 26) : [36, 39, 49]
(0, 10, 27) : [33, 35, 36]
(0, 10, 28) : [6, 8, 9]
(0, 10, 29) : [25, 26, 27]
(0, 10, 30) : [11, 12, 14]
(0, 10, 31) : [12, 14, 16]
(0, 10, 32) : [11, 14, 15]
(0, 10, 33) : [6, 9, 10]
(0, 10, 34) : [33, 34, 37]
(0, 10, 35) : [28, 29, 30]
(0, 10, 36) : [8, 19, 33]
(0, 10, 37) : [42, 44, 45]
(0, 10, 38) : [41, 42, 44]
(0, 10, 39) : [41, 43, 44]
(0, 10, 40) : [4, 6, 7]
(0, 10, 41) : [20, 38, 39]
(0, 10, 42) : [5, 27, 31]
(0, 10, 43) : [35, 36, 49]
(0, 10, 44) : [21, 22, 23]
(0, 10, 45) : [27, 42, 45]
(0, 10, 46) : [22, 46, 47]
(0, 10, 47) : [9, 13, 17]
(0, 10, 48) : [4, 5, 6]
(0, 10, 49) : [1, 3, 5]
(0, 10, 50) : [33, 35, 37]
(0, 10, 51) : [3, 31, 32]
(0, 10, 52) : [3, 5, 31]
(0, 10, 53) : [19, 20, 36]
(0, 10, 54) : [19, 33, 36]
(0, 10, 55) : [5, 8, 42]
(0, 11, 0) : [11, 14, 15]
(0, 11, 1) : [3, 5, 31]
(0, 11, 2) : [4, 5, 6]
(0, 11, 3) : [34, 41, 42]
(0, 11, 4) : [14, 16, 38]
(0, 11, 5) : [21, 22, 24]
(0, 11, 6) : [1, 2, 3]
(0, 11, 7) : [15, 17, 20]
(0, 11, 8) : [8, 18, 19]
(0, 11, 9) : [5, 8, 42]
(0, 11, 10) : [20, 36, 39]
(0, 11, 11) : [17, 18, 19]
(0, 11, 12) : [26, 30, 45]
(0, 11, 13) : [5, 6, 8]
(0, 11, 14) : [8, 9, 18]
(0, 11, 15) : [8, 33, 34]
(0, 11, 16) : [17, 19, 20]
(0, 11, 17) : [14, 15, 38]
(0, 11, 18) : [30, 44, 45]
(0, 11, 19) : [5, 27, 42]
(0, 11, 20) : [15, 20, 38]
(0, 11, 21) : [9, 10, 13]
(0, 11, 22) : [8, 34, 42]
(0, 11, 23) : [22, 23, 47]
(0, 11, 24) : [5, 27, 31]
(0, 11, 25) : [28, 29, 30]
(0, 11, 26) : [27, 42, 45]
(0, 11, 27) : [41, 42, 44]
(0, 11, 28) : [33, 35, 36]
(0, 11, 29) : [20, 38, 39]
(0, 11, 30) : [6, 8, 9]
(0, 11, 31) : [16, 38, 40]
(0, 11, 32) : [33, 34, 37]
(0, 11, 33) : [26, 27, 45]
(0, 11, 34) : [25, 26, 27]
(0, 11, 35) : [36, 39, 49]
(0, 11, 36) : [26, 28, 30]
(0, 11, 37) : [4, 6, 7]
(0, 11, 38) : [9, 13, 17]
(0, 11, 39) : [42, 44, 45]
(0, 11, 40) : [6, 7, 10]
(0, 11, 41) : [19, 20, 36]
(0, 11, 42) : [6, 9, 10]
(0, 11, 43) : [41, 43, 44]
(0, 11, 44) : [9, 17, 18]
(0, 11, 45) : [35, 36, 49]
(0, 11, 46) : [1, 4, 5]
(0, 11, 47) : [22, 46, 47]
(0, 11, 48) : [21, 22, 23]
(0, 11, 49) : [8, 19, 33]
(0, 11, 50) : [12, 14, 16]
(0, 11, 51) : [11, 12, 14]
(0, 11, 52) : [33, 35, 37]
(0, 11, 53) : [3, 31, 32]
(0, 11, 54) : [19, 33, 36]
(0, 11, 55) : [23, 29, 30]
(0, 12, 0) : [9, 17, 18]
(0, 12, 1) : [1, 4, 5]
(0, 12, 2) : [34, 41, 42]
(0, 12, 3) : [14, 16, 38]
(0, 12, 4) : [21, 22, 24]
(0, 12, 5) : [1, 2, 3]
(0, 12, 6) : [15, 17, 20]
(0, 12, 7) : [21, 22, 23]
(0, 12, 8) : [8, 18, 19]
(0, 12, 9) : [20, 36, 39]
(0, 12, 10) : [17, 19, 20]
(0, 12, 11) : [8, 9, 18]
(0, 12, 12) : [17, 18, 19]
(0, 12, 13) : [26, 30, 45]
(0, 12, 14) : [8, 33, 34]
(0, 12, 15) : [14, 15, 38]
(0, 12, 16) : [30, 44, 45]
(0, 12, 17) : [5, 27, 42]
(0, 12, 18) : [15, 20, 38]
(0, 12, 19) : [9, 10, 13]
(0, 12, 20) : [8, 34, 42]
(0, 12, 21) : [22, 23, 47]
(0, 12, 22) : [5, 27, 31]
(0, 12, 23) : [28, 29, 30]
(0, 12, 24) : [27, 42, 45]
(0, 12, 25) : [41, 42, 44]
(0, 12, 26) : [33, 35, 36]
(0, 12, 27) : [20, 38, 39]
(0, 12, 28) : [6, 8, 9]
(0, 12, 29) : [1, 3, 5]
(0, 12, 30) : [16, 38, 40]
(0, 12, 31) : [33, 34, 37]
(0, 12, 32) : [12, 14, 16]
(0, 12, 33) : [26, 28, 30]
(0, 12, 34) : [26, 27, 45]
(0, 12, 35) : [25, 26, 27]
(0, 12, 36) : [36, 39, 49]
(0, 12, 37) : [4, 6, 7]
(0, 12, 38) : [4, 5, 6]
(0, 12, 39) : [6, 7, 10]
(0, 12, 40) : [42, 44, 45]
(0, 12, 41) : [5, 6, 8]
(0, 12, 42) : [6, 9, 10]
(0, 12, 43) : [19, 20, 36]
(0, 12, 44) : [41, 43, 44]
(0, 12, 45) : [22, 46, 47]
(0, 12, 46) : [35, 36, 49]
(0, 12, 47) : [9, 13, 17]
(0, 12, 48) : [8, 19, 33]
(0, 12, 49) : [3, 5, 31]
(0, 12, 50) : [3, 31, 32]
(0, 12, 51) : [11, 12, 14]
(0, 12, 52) : [33, 35, 37]
(0, 12, 53) : [19, 33, 36]
(0, 12, 54) : [23, 29, 30]
(0, 12, 55) : [11, 14, 15]
(0, 13, 0) : [11, 14, 15]
(0, 13, 1) : [3, 5, 31]
(0, 13, 2) : [4, 5, 6]
(0, 13, 3) : [1, 4, 5]
(0, 13, 4) : [34, 41, 42]
(0, 13, 5) : [14, 16, 38]
(0, 13, 6) : [21, 22, 24]
(0, 13, 7) : [1, 2, 3]
(0, 13, 8) : [15, 17, 20]
(0, 13, 9) : [8, 18, 19]
(0, 13, 10) : [5, 6, 8]
(0, 13, 11) : [5, 27, 42]
(0, 13, 12) : [20, 36, 39]
(0, 13, 13) : [17, 18, 19]
(0, 13, 14) : [5, 8, 42]
(0, 13, 15) : [26, 30, 45]
(0, 13, 16) : [8, 9, 18]
(0, 13, 17) : [8, 33, 34]
(0, 13, 18) : [17, 19, 20]
(0, 13, 19) : [14, 15, 38]
(0, 13, 20) : [30, 44, 45]
(0, 13, 21) : [15, 20, 38]
(0, 13, 22) : [9, 10, 13]
(0, 13, 23) : [8, 34, 42]
(0, 13, 24) : [22, 23, 47]
(0, 13, 25) : [5, 27, 31]
(0, 13, 26) : [28, 29, 30]
(0, 13, 27) : [27, 42, 45]
(0, 13, 28) : [33, 35, 36]
(0, 13, 29) : [20, 38, 39]
(0, 13, 30) : [6, 8, 9]
(0, 13, 31) : [16, 38, 40]
(0, 13, 32) : [36, 39, 49]
(0, 13, 33) : [26, 28, 30]
(0, 13, 34) : [4, 6, 7]
(0, 13, 35) : [6, 9, 10]
(0, 13, 36) : [42, 44, 45]
(0, 13, 37) : [33, 34, 37]
(0, 13, 38) : [26, 27, 45]
(0, 13, 39) : [25, 26, 27]
(0, 13, 40) : [35, 36, 49]
(0, 13, 41) : [9, 13, 17]
(0, 13, 42) : [8, 19, 33]
(0, 13, 43) : [22, 46, 47]
(0, 13, 44) : [19, 20, 36]
(0, 13, 45) : [6, 7, 10]
(0, 13, 46) : [12, 14, 16]
(0, 13, 47) : [11, 12, 14]
(0, 13, 48) : [9, 17, 18]
(0, 13, 49) : [33, 35, 37]
(0, 13, 50) : [41, 43, 44]
(0, 13, 51) : [3, 31, 32]
(0, 13, 52) : [1, 3, 5]
(0, 13, 53) : [21, 22, 23]
(0, 13, 54) : [19, 33, 36]
(0, 13, 55) : [23, 29, 30]
(0, 14, 0) : [11, 14, 15]
(0, 14, 1) : [35, 36, 49]
(0, 14, 2) : [3, 5, 31]
(0, 14, 3) : [4, 5, 6]
(0, 14, 4) : [1, 4, 5]
(0, 14, 5) : [34, 41, 42]
(0, 14, 6) : [14, 16, 38]
(0, 14, 7) : [21, 22, 24]
(0, 14, 8) : [1, 2, 3]
(0, 14, 9) : [15, 17, 20]
(0, 14, 10) : [8, 18, 19]
(0, 14, 11) : [5, 8, 42]
(0, 14, 12) : [20, 36, 39]
(0, 14, 13) : [19, 20, 36]
(0, 14, 14) : [17, 18, 19]
(0, 14, 15) : [8, 33, 34]
(0, 14, 16) : [17, 19, 20]
(0, 14, 17) : [14, 15, 38]
(0, 14, 18) : [5, 27, 31]
(0, 14, 19) : [5, 27, 42]
(0, 14, 20) : [15, 20, 38]
(0, 14, 21) : [9, 10, 13]
(0, 14, 22) : [8, 34, 42]
(0, 14, 23) : [22, 23, 47]
(0, 14, 24) : [28, 29, 30]
(0, 14, 25) : [27, 42, 45]
(0, 14, 26) : [41, 42, 44]
(0, 14, 27) : [30, 44, 45]
(0, 14, 28) : [8, 9, 18]
(0, 14, 29) : [33, 35, 36]
(0, 14, 30) : [20, 38, 39]
(0, 14, 31) : [6, 8, 9]
(0, 14, 32) : [6, 9, 10]
(0, 14, 33) : [16, 38, 40]
(0, 14, 34) : [33, 34, 37]
(0, 14, 35) : [26, 27, 45]
(0, 14, 36) : [25, 26, 27]
(0, 14, 37) : [36, 39, 49]
(0, 14, 38) : [26, 28, 30]
(0, 14, 39) : [4, 6, 7]
(0, 14, 40) : [42, 44, 45]
(0, 14, 41) : [6, 7, 10]
(0, 14, 42) : [9, 13, 17]
(0, 14, 43) : [8, 19, 33]
(0, 14, 44) : [5, 6, 8]
(0, 14, 45) : [41, 43, 44]
(0, 14, 46) : [9, 17, 18]
(0, 14, 47) : [22, 46, 47]
(0, 14, 48) : [12, 14, 16]
(0, 14, 49) : [11, 12, 14]
(0, 14, 50) : [33, 35, 37]
(0, 14, 51) : [21, 22, 23]
(0, 14, 52) : [3, 31, 32]
(0, 14, 53) : [1, 3, 5]
(0, 14, 54) : [19, 33, 36]
(0, 14, 55) : [23, 29, 30]
(0, 15, 0) : [5, 27, 42]
(0, 15, 1) : [41, 43, 44]
(0, 15, 2) : [4, 5, 6]
(0, 15, 3) : [16, 38, 40]
(0, 15, 4) : [21, 22, 24]
(0, 15, 5) : [1, 2, 3]
(0, 15, 6) : [15, 17, 20]
(0, 15, 7) : [8, 18, 19]
(0, 15, 8) : [5, 8, 42]
(0, 15, 9) : [20, 36, 39]
(0, 15, 10) : [41, 42, 44]
(0, 15, 11) : [19, 33, 36]
(0, 15, 12) : [42, 44, 45]
(0, 15, 13) : [5, 6, 8]
(0, 15, 14) : [34, 41, 42]
(0, 15, 15) : [14, 15, 38]
(0, 15, 16) : [17, 18, 19]
(0, 15, 17) : [26, 27, 45]
(0, 15, 18) : [17, 19, 20]
(0, 15, 19) : [15, 20, 38]
(0, 15, 20) : [9, 13, 17]
(0, 15, 21) : [27, 42, 45]
(0, 15, 22) : [8, 34, 42]
(0, 15, 23) : [23, 29, 30]
(0, 15, 24) : [36, 39, 49]
(0, 15, 25) : [21, 22, 23]
(0, 15, 26) : [33, 35, 36]
(0, 15, 27) : [22, 23, 47]
(0, 15, 28) : [1, 3, 5]
(0, 15, 29) : [6, 8, 9]
(0, 15, 30) : [11, 14, 15]
(0, 15, 31) : [25, 26, 27]
(0, 15, 32) : [26, 30, 45]
(0, 15, 33) : [3, 31, 32]
(0, 15, 34) : [6, 9, 10]
(0, 15, 35) : [9, 10, 13]
(0, 15, 36) : [33, 35, 37]
(0, 15, 37) : [33, 34, 37]
(0, 15, 38) : [8, 19, 33]
(0, 15, 39) : [12, 14, 16]
(0, 15, 40) : [30, 44, 45]
(0, 15, 41) : [14, 16, 38]
(0, 15, 42) : [26, 28, 30]
(0, 15, 43) : [28, 29, 30]
(0, 15, 44) : [20, 38, 39]
(0, 15, 45) : [9, 17, 18]
(0, 15, 46) : [8, 9, 18]
(0, 15, 47) : [8, 33, 34]
(0, 15, 48) : [4, 6, 7]
(0, 15, 49) : [6, 7, 10]
(0, 15, 50) : [1, 4, 5]
(0, 15, 51) : [19, 20, 36]
(0, 15, 52) : [5, 27, 31]
(0, 15, 53) : [3, 5, 31]
(0, 15, 54) : [35, 36, 49]
(0, 15, 55) : [11, 12, 14]
(0, 16, 0) : [4, 5, 6]
(0, 16, 1) : [1, 4, 5]
(0, 16, 2) : [34, 41, 42]
(0, 16, 3) : [14, 16, 38]
(0, 16, 4) : [21, 22, 24]
(0, 16, 5) : [1, 2, 3]
(0, 16, 6) : [15, 17, 20]
(0, 16, 7) : [8, 18, 19]
(0, 16, 8) : [5, 8, 42]
(0, 16, 9) : [20, 36, 39]
(0, 16, 10) : [6, 8, 9]
(0, 16, 11) : [17, 19, 20]
(0, 16, 12) : [26, 30, 45]
(0, 16, 13) : [5, 6, 8]
(0, 16, 14) : [8, 19, 33]
(0, 16, 15) : [8, 33, 34]
(0, 16, 16) : [19, 33, 36]
(0, 16, 17) : [14, 15, 38]
(0, 16, 18) : [30, 44, 45]
(0, 16, 19) : [5, 27, 42]
(0, 16, 20) : [9, 10, 13]
(0, 16, 21) : [15, 20, 38]
(0, 16, 22) : [22, 23, 47]
(0, 16, 23) : [8, 34, 42]
(0, 16, 24) : [5, 27, 31]
(0, 16, 25) : [23, 29, 30]
(0, 16, 26) : [26, 27, 45]
(0, 16, 27) : [25, 26, 27]
(0, 16, 28) : [36, 39, 49]
(0, 16, 29) : [33, 35, 36]
(0, 16, 30) : [6, 7, 10]
(0, 16, 31) : [33, 34, 37]
(0, 16, 32) : [11, 12, 14]
(0, 16, 33) : [16, 38, 40]
(0, 16, 34) : [8, 9, 18]
(0, 16, 35) : [11, 14, 15]
(0, 16, 36) : [19, 20, 36]
(0, 16, 37) : [12, 14, 16]
(0, 16, 38) : [6, 9, 10]
(0, 16, 39) : [42, 44, 45]
(0, 16, 40) : [21, 22, 23]
(0, 16, 41) : [9, 13, 17]
(0, 16, 42) : [33, 35, 37]
(0, 16, 43) : [41, 42, 44]
(0, 16, 44) : [41, 43, 44]
(0, 16, 45) : [35, 36, 49]
(0, 16, 46) : [20, 38, 39]
(0, 16, 47) : [9, 17, 18]
(0, 16, 48) : [27, 42, 45]
(0, 16, 49) : [3, 31, 32]
(0, 16, 50) : [22, 46, 47]
(0, 16, 51) : [4, 6, 7]
(0, 16, 52) : [28, 29, 30]
(0, 16, 53) : [26, 28, 30]
(0, 16, 54) : [3, 5, 31]
(0, 16, 55) : [1, 3, 5]
(0, 17, 0) : [9, 17, 18]
(0, 17, 1) : [3, 5, 31]
(0, 17, 2) : [1, 4, 5]
(0, 17, 3) : [21, 22, 24]
(0, 17, 4) : [1, 2, 3]
(0, 17, 5) : [15, 17, 20]
(0, 17, 6) : [21, 22, 23]
(0, 17, 7) : [5, 6, 8]
(0, 17, 8) : [20, 36, 39]
(0, 17, 9) : [8, 18, 19]
(0, 17, 10) : [8, 9, 18]
(0, 17, 11) : [17, 18, 19]
(0, 17, 12) : [26, 30, 45]
(0, 17, 13) : [11, 14, 15]
(0, 17, 14) : [17, 19, 20]
(0, 17, 15) : [14, 15, 38]
(0, 17, 16) : [30, 44, 45]
(0, 17, 17) : [8, 33, 34]
(0, 17, 18) : [35, 36, 49]
(0, 17, 19) : [33, 34, 37]
(0, 17, 20) : [5, 27, 42]
(0, 17, 21) : [15, 20, 38]
(0, 17, 22) : [9, 10, 13]
(0, 17, 23) : [22, 23, 47]
(0, 17, 24) : [5, 27, 31]
(0, 17, 25) : [28, 29, 30]
(0, 17, 26) : [20, 38, 39]
(0, 17, 27) : [27, 42, 45]
(0, 17, 28) : [41, 42, 44]
(0, 17, 29) : [33, 35, 36]
(0, 17, 30) : [5, 8, 42]
(0, 17, 31) : [42, 44, 45]
(0, 17, 32) : [26, 27, 45]
(0, 17, 33) : [25, 26, 27]
(0, 17, 34) : [36, 39, 49]
(0, 17, 35) : [26, 28, 30]
(0, 17, 36) : [6, 8, 9]
(0, 17, 37) : [14, 16, 38]
(0, 17, 38) : [4, 6, 7]
(0, 17, 39) : [4, 5, 6]
(0, 17, 40) : [9, 13, 17]
(0, 17, 41) : [41, 43, 44]
(0, 17, 42) : [19, 20, 36]
(0, 17, 43) : [8, 19, 33]
(0, 17, 44) : [16, 38, 40]
(0, 17, 45) : [1, 3, 5]
(0, 17, 46) : [34, 41, 42]
(0, 17, 47) : [22, 46, 47]
(0, 17, 48) : [12, 14, 16]
(0, 17, 49) : [11, 12, 14]
(0, 17, 50) : [6, 7, 10]
(0, 17, 51) : [33, 35, 37]
(0, 17, 52) : [6, 9, 10]
(0, 17, 53) : [3, 31, 32]
(0, 17, 54) : [19, 33, 36]
(0, 17, 55) : [23, 29, 30]
(0, 18, 0) : [41, 43, 44]
(0, 18, 1) : [4, 5, 6]
(0, 18, 2) : [1, 4, 5]
(0, 18, 3) : [34, 41, 42]
(0, 18, 4) : [14, 16, 38]
(0, 18, 5) : [21, 22, 24]
(0, 18, 6) : [1, 2, 3]
(0, 18, 7) : [8, 33, 34]
(0, 18, 8) : [8, 18, 19]
(0, 18, 9) : [5, 8, 42]
(0, 18, 10) : [20, 38, 39]
(0, 18, 11) : [41, 42, 44]
(0, 18, 12) : [8, 9, 18]
(0, 18, 13) : [6, 8, 9]
(0, 18, 14) : [5, 6, 8]
(0, 18, 15) : [17, 18, 19]
(0, 18, 16) : [19, 33, 36]
(0, 18, 17) : [14, 15, 38]
(0, 18, 18) : [30, 44, 45]
(0, 18, 19) : [19, 20, 36]
(0, 18, 20) : [5, 27, 42]
(0, 18, 21) : [9, 10, 13]
(0, 18, 22) : [15, 20, 38]
(0, 18, 23) : [22, 23, 47]
(0, 18, 24) : [8, 34, 42]
(0, 18, 25) : [5, 27, 31]
(0, 18, 26) : [23, 29, 30]
(0, 18, 27) : [26, 27, 45]
(0, 18, 28) : [25, 26, 27]
(0, 18, 29) : [36, 39, 49]
(0, 18, 30) : [33, 35, 36]
(0, 18, 31) : [6, 7, 10]
(0, 18, 32) : [20, 36, 39]
(0, 18, 33) : [26, 30, 45]
(0, 18, 34) : [11, 12, 14]
(0, 18, 35) : [28, 29, 30]
(0, 18, 36) : [11, 14, 15]
(0, 18, 37) : [12, 14, 16]
(0, 18, 38) : [26, 28, 30]
(0, 18, 39) : [42, 44, 45]
(0, 18, 40) : [21, 22, 23]
(0, 18, 41) : [16, 38, 40]
(0, 18, 42) : [9, 13, 17]
(0, 18, 43) : [6, 9, 10]
(0, 18, 44) : [33, 35, 37]
(0, 18, 45) : [9, 17, 18]
(0, 18, 46) : [27, 42, 45]
(0, 18, 47) : [35, 36, 49]
(0, 18, 48) : [15, 17, 20]
(0, 18, 49) : [22, 46, 47]
(0, 18, 50) : [3, 31, 32]
(0, 18, 51) : [4, 6, 7]
(0, 18, 52) : [33, 34, 37]
(0, 18, 53) : [8, 19, 33]
(0, 18, 54) : [1, 3, 5]
(0, 18, 55) : [3, 5, 31]
(0, 19, 0) : [11, 14, 15]
(0, 19, 1) : [41, 43, 44]
(0, 19, 2) : [3, 5, 31]
(0, 19, 3) : [16, 38, 40]
(0, 19, 4) : [4, 5, 6]
(0, 19, 5) : [1, 4, 5]
(0, 19, 6) : [34, 41, 42]
(0, 19, 7) : [21, 22, 24]
(0, 19, 8) : [1, 2, 3]
(0, 19, 9) : [15, 17, 20]
(0, 19, 10) : [8, 18, 19]
(0, 19, 11) : [5, 8, 42]
(0, 19, 12) : [20, 36, 39]
(0, 19, 13) : [41, 42, 44]
(0, 19, 14) : [17, 18, 19]
(0, 19, 15) : [8, 33, 34]
(0, 19, 16) : [17, 19, 20]
(0, 19, 17) : [20, 38, 39]
(0, 19, 18) : [30, 44, 45]
(0, 19, 19) : [35, 36, 49]
(0, 19, 20) : [5, 27, 42]
(0, 19, 21) : [15, 20, 38]
(0, 19, 22) : [9, 10, 13]
(0, 19, 23) : [8, 34, 42]
(0, 19, 24) : [22, 23, 47]
(0, 19, 25) : [5, 27, 31]
(0, 19, 26) : [42, 44, 45]
(0, 19, 27) : [28, 29, 30]
(0, 19, 28) : [27, 42, 45]
(0, 19, 29) : [26, 27, 45]
(0, 19, 30) : [33, 35, 36]
(0, 19, 31) : [25, 26, 27]
(0, 19, 32) : [26, 30, 45]
(0, 19, 33) : [8, 9, 18]
(0, 19, 34) : [36, 39, 49]
(0, 19, 35) : [6, 9, 10]
(0, 19, 36) : [6, 8, 9]
(0, 19, 37) : [33, 34, 37]
(0, 19, 38) : [26, 28, 30]
(0, 19, 39) : [4, 6, 7]
(0, 19, 40) : [9, 17, 18]
(0, 19, 41) : [12, 14, 16]
(0, 19, 42) : [11, 12, 14]
(0, 19, 43) : [21, 22, 23]
(0, 19, 44) : [5, 6, 8]
(0, 19, 45) : [22, 46, 47]
(0, 19, 46) : [1, 3, 5]
(0, 19, 47) : [6, 7, 10]
(0, 19, 48) : [9, 13, 17]
(0, 19, 49) : [19, 20, 36]
(0, 19, 50) : [8, 19, 33]
(0, 19, 51) : [3, 31, 32]
(0, 19, 52) : [33, 35, 37]
(0, 19, 53) : [14, 16, 38]
(0, 19, 54) : [19, 33, 36]
(0, 19, 55) : [23, 29, 30]
(0, 20, 0) : [11, 14, 15]
(0, 20, 1) : [3, 5, 31]
(0, 20, 2) : [4, 5, 6]
(0, 20, 3) : [34, 41, 42]
(0, 20, 4) : [14, 16, 38]
(0, 20, 5) : [21, 22, 24]
(0, 20, 6) : [1, 2, 3]
(0, 20, 7) : [15, 17, 20]
(0, 20, 8) : [22, 23, 47]
(0, 20, 9) : [8, 18, 19]
(0, 20, 10) : [5, 6, 8]
(0, 20, 11) : [20, 36, 39]
(0, 20, 12) : [1, 4, 5]
(0, 20, 13) : [17, 18, 19]
(0, 20, 14) : [5, 8, 42]
(0, 20, 15) : [26, 30, 45]
(0, 20, 16) : [8, 9, 18]
(0, 20, 17) : [8, 33, 34]
(0, 20, 18) : [17, 19, 20]
(0, 20, 19) : [14, 15, 38]
(0, 20, 20) : [30, 44, 45]
(0, 20, 21) : [26, 27, 45]
(0, 20, 22) : [27, 42, 45]
(0, 20, 23) : [15, 20, 38]
(0, 20, 24) : [9, 10, 13]
(0, 20, 25) : [8, 34, 42]
(0, 20, 26) : [28, 29, 30]
(0, 20, 27) : [41, 42, 44]
(0, 20, 28) : [33, 35, 36]
(0, 20, 29) : [9, 13, 17]
(0, 20, 30) : [25, 26, 27]
(0, 20, 31) : [6, 8, 9]
(0, 20, 32) : [1, 3, 5]
(0, 20, 33) : [36, 39, 49]
(0, 20, 34) : [26, 28, 30]
(0, 20, 35) : [4, 6, 7]
(0, 20, 36) : [16, 38, 40]
(0, 20, 37) : [41, 43, 44]
(0, 20, 38) : [33, 34, 37]
(0, 20, 39) : [35, 36, 49]
(0, 20, 40) : [19, 20, 36]
(0, 20, 41) : [42, 44, 45]
(0, 20, 42) : [5, 27, 31]
(0, 20, 43) : [22, 46, 47]
(0, 20, 44) : [8, 19, 33]
(0, 20, 45) : [6, 9, 10]
(0, 20, 46) : [6, 7, 10]
(0, 20, 47) : [21, 22, 23]
(0, 20, 48) : [20, 38, 39]
(0, 20, 49) : [12, 14, 16]
(0, 20, 50) : [11, 12, 14]
(0, 20, 51) : [9, 17, 18]
(0, 20, 52) : [33, 35, 37]
(0, 20, 53) : [3, 31, 32]
(0, 20, 54) : [19, 33, 36]
(0, 20, 55) : [23, 29, 30]
(0, 21, 0) : [11, 14, 15]
(0, 21, 1) : [3, 5, 31]
(0, 21, 2) : [4, 5, 6]
(0, 21, 3) : [1, 4, 5]
(0, 21, 4) : [34, 41, 42]
(0, 21, 5) : [14, 16, 38]
(0, 21, 6) : [21, 22, 24]
(0, 21, 7) : [1, 2, 3]
(0, 21, 8) : [8, 19, 33]
(0, 21, 9) : [8, 18, 19]
(0, 21, 10) : [5, 8, 42]
(0, 21, 11) : [17, 18, 19]
(0, 21, 12) : [26, 30, 45]
(0, 21, 13) : [5, 6, 8]
(0, 21, 14) : [8, 9, 18]
(0, 21, 15) : [8, 33, 34]
(0, 21, 16) : [17, 19, 20]
(0, 21, 17) : [14, 15, 38]
(0, 21, 18) : [30, 44, 45]
(0, 21, 19) : [5, 27, 42]
(0, 21, 20) : [9, 10, 13]
(0, 21, 21) : [8, 34, 42]
(0, 21, 22) : [22, 23, 47]
(0, 21, 23) : [5, 27, 31]
(0, 21, 24) : [28, 29, 30]
(0, 21, 25) : [27, 42, 45]
(0, 21, 26) : [16, 38, 40]
(0, 21, 27) : [41, 42, 44]
(0, 21, 28) : [33, 35, 36]
(0, 21, 29) : [42, 44, 45]
(0, 21, 30) : [20, 38, 39]
(0, 21, 31) : [26, 27, 45]
(0, 21, 32) : [25, 26, 27]
(0, 21, 33) : [36, 39, 49]
(0, 21, 34) : [20, 36, 39]
(0, 21, 35) : [26, 28, 30]
(0, 21, 36) : [6, 9, 10]
(0, 21, 37) : [6, 8, 9]
(0, 21, 38) : [4, 6, 7]
(0, 21, 39) : [6, 7, 10]
(0, 21, 40) : [22, 46, 47]
(0, 21, 41) : [1, 3, 5]
(0, 21, 42) : [35, 36, 49]
(0, 21, 43) : [33, 34, 37]
(0, 21, 44) : [41, 43, 44]
(0, 21, 45) : [9, 17, 18]
(0, 21, 46) : [12, 14, 16]
(0, 21, 47) : [33, 35, 37]
(0, 21, 48) : [9, 13, 17]
(0, 21, 49) : [19, 20, 36]
(0, 21, 50) : [21, 22, 23]
(0, 21, 51) : [15, 17, 20]
(0, 21, 52) : [11, 12, 14]
(0, 21, 53) : [3, 31, 32]
(0, 21, 54) : [19, 33, 36]
(0, 21, 55) : [23, 29, 30]
(0, 22, 0) : [41, 43, 44]
(0, 22, 1) : [3, 5, 31]
(0, 22, 2) : [4, 5, 6]
(0, 22, 3) : [11, 14, 15]
(0, 22, 4) : [34, 41, 42]
(0, 22, 5) : [14, 16, 38]
(0, 22, 6) : [21, 22, 24]
(0, 22, 7) : [1, 2, 3]
(0, 22, 8) : [15, 17, 20]
(0, 22, 9) : [8, 18, 19]
(0, 22, 10) : [5, 8, 42]
(0, 22, 11) : [20, 36, 39]
(0, 22, 12) : [41, 42, 44]
(0, 22, 13) : [17, 18, 19]
(0, 22, 14) : [22, 46, 47]
(0, 22, 15) : [30, 44, 45]
(0, 22, 16) : [8, 33, 34]
(0, 22, 17) : [17, 19, 20]
(0, 22, 18) : [14, 15, 38]
(0, 22, 19) : [5, 27, 42]
(0, 22, 20) : [15, 20, 38]
(0, 22, 21) : [9, 10, 13]
(0, 22, 22) : [8, 34, 42]
(0, 22, 23) : [5, 27, 31]
(0, 22, 24) : [42, 44, 45]
(0, 22, 25) : [28, 29, 30]
(0, 22, 26) : [36, 39, 49]
(0, 22, 27) : [27, 42, 45]
(0, 22, 28) : [33, 35, 36]
(0, 22, 29) : [20, 38, 39]
(0, 22, 30) : [4, 6, 7]
(0, 22, 31) : [26, 30, 45]
(0, 22, 32) : [16, 38, 40]
(0, 22, 33) : [8, 9, 18]
(0, 22, 34) : [5, 6, 8]
(0, 22, 35) : [26, 28, 30]
(0, 22, 36) : [6, 8, 9]
(0, 22, 37) : [35, 36, 49]
(0, 22, 38) : [6, 9, 10]
(0, 22, 39) : [21, 22, 23]
(0, 22, 40) : [6, 7, 10]
(0, 22, 41) : [33, 34, 37]
(0, 22, 42) : [19, 20, 36]
(0, 22, 43) : [9, 17, 18]
(0, 22, 44) : [12, 14, 16]
(0, 22, 45) : [11, 12, 14]
(0, 22, 46) : [8, 19, 33]
(0, 22, 47) : [26, 27, 45]
(0, 22, 48) : [25, 26, 27]
(0, 22, 49) : [3, 31, 32]
(0, 22, 50) : [33, 35, 37]
(0, 22, 51) : [1, 3, 5]
(0, 22, 52) : [9, 13, 17]
(0, 22, 53) : [19, 33, 36]
(0, 22, 54) : [23, 29, 30]
(0, 22, 55) : [1, 4, 5]
(0, 23, 0) : [11, 14, 15]
(0, 23, 1) : [41, 43, 44]
(0, 23, 2) : [3, 5, 31]
(0, 23, 3) : [4, 5, 6]
(0, 23, 4) : [34, 41, 42]
(0, 23, 5) : [14, 16, 38]
(0, 23, 6) : [21, 22, 24]
(0, 23, 7) : [1, 2, 3]
(0, 23, 8) : [15, 17, 20]
(0, 23, 9) : [8, 18, 19]
(0, 23, 10) : [5, 8, 42]
(0, 23, 11) : [5, 6, 8]
(0, 23, 12) : [20, 36, 39]
(0, 23, 13) : [41, 42, 44]
(0, 23, 14) : [17, 18, 19]
(0, 23, 15) : [8, 33, 34]
(0, 23, 16) : [17, 19, 20]
(0, 23, 17) : [14, 15, 38]
(0, 23, 18) : [30, 44, 45]
(0, 23, 19) : [5, 27, 42]
(0, 23, 20) : [15, 20, 38]
(0, 23, 21) : [9, 10, 13]
(0, 23, 22) : [42, 44, 45]
(0, 23, 23) : [8, 34, 42]
(0, 23, 24) : [22, 23, 47]
(0, 23, 25) : [28, 29, 30]
(0, 23, 26) : [8, 9, 18]
(0, 23, 27) : [33, 35, 36]
(0, 23, 28) : [4, 6, 7]
(0, 23, 29) : [1, 3, 5]
(0, 23, 30) : [6, 8, 9]
(0, 23, 31) : [9, 13, 17]
(0, 23, 32) : [26, 30, 45]
(0, 23, 33) : [36, 39, 49]
(0, 23, 34) : [6, 7, 10]
(0, 23, 35) : [26, 28, 30]
(0, 23, 36) : [27, 42, 45]
(0, 23, 37) : [22, 46, 47]
(0, 23, 38) : [16, 38, 40]
(0, 23, 39) : [12, 14, 16]
(0, 23, 40) : [11, 12, 14]
(0, 23, 41) : [6, 9, 10]
(0, 23, 42) : [33, 34, 37]
(0, 23, 43) : [8, 19, 33]
(0, 23, 44) : [26, 27, 45]
(0, 23, 45) : [25, 26, 27]
(0, 23, 46) : [9, 17, 18]
(0, 23, 47) : [20, 38, 39]
(0, 23, 48) : [35, 36, 49]
(0, 23, 49) : [19, 20, 36]
(0, 23, 50) : [33, 35, 37]
(0, 23, 51) : [3, 31, 32]
(0, 23, 52) : [19, 33, 36]
(0, 23, 53) : [23, 29, 30]
(0, 23, 54) : [1, 4, 5]
(0, 23, 55) : [21, 22, 23]
(0, 24, 0) : [11, 14, 15]
(0, 24, 1) : [41, 43, 44]
(0, 24, 2) : [3, 5, 31]
(0, 24, 3) : [4, 5, 6]
(0, 24, 4) : [1, 4, 5]
(0, 24, 5) : [34, 41, 42]
(0, 24, 6) : [14, 16, 38]
(0, 24, 7) : [21, 22, 24]
(0, 24, 8) : [1, 2, 3]
(0, 24, 9) : [15, 17, 20]
(0, 24, 10) : [8, 18, 19]
(0, 24, 11) : [5, 8, 42]
(0, 24, 12) : [20, 36, 39]
(0, 24, 13) : [41, 42, 44]
(0, 24, 14) : [17, 18, 19]
(0, 24, 15) : [8, 33, 34]
(0, 24, 16) : [17, 19, 20]
(0, 24, 17) : [14, 15, 38]
(0, 24, 18) : [30, 44, 45]
(0, 24, 19) : [5, 27, 42]
(0, 24, 20) : [15, 20, 38]
(0, 24, 21) : [9, 10, 13]
(0, 24, 22) : [8, 34, 42]
(0, 24, 23) : [22, 23, 47]
(0, 24, 24) : [5, 27, 31]
(0, 24, 25) : [42, 44, 45]
(0, 24, 26) : [6, 7, 10]
(0, 24, 27) : [27, 42, 45]
(0, 24, 28) : [8, 9, 18]
(0, 24, 29) : [33, 35, 36]
(0, 24, 30) : [20, 38, 39]
(0, 24, 31) : [6, 8, 9]
(0, 24, 32) : [26, 30, 45]
(0, 24, 33) : [16, 38, 40]
(0, 24, 34) : [33, 34, 37]
(0, 24, 35) : [26, 27, 45]
(0, 24, 36) : [25, 26, 27]
(0, 24, 37) : [36, 39, 49]
(0, 24, 38) : [4, 6, 7]
(0, 24, 39) : [9, 13, 17]
(0, 24, 40) : [6, 9, 10]
(0, 24, 41) : [8, 19, 33]
(0, 24, 42) : [5, 6, 8]
(0, 24, 43) : [9, 17, 18]
(0, 24, 44) : [35, 36, 49]
(0, 24, 45) : [12, 14, 16]
(0, 24, 46) : [19, 20, 36]
(0, 24, 47) : [22, 46, 47]
(0, 24, 48) : [33, 35, 37]
(0, 24, 49) : [11, 12, 14]
(0, 24, 50) : [3, 31, 32]
(0, 24, 51) : [1, 3, 5]
(0, 24, 52) : [19, 33, 36]
(0, 24, 53) : [23, 29, 30]
(0, 24, 54) : [21, 22, 23]
(0, 24, 55) : [26, 28, 30]
(0, 25, 0) : [11, 14, 15]
(0, 25, 1) : [35, 36, 49]
(0, 25, 2) : [3, 5, 31]
(0, 25, 3) : [4, 5, 6]
(0, 25, 4) : [34, 41, 42]
(0, 25, 5) : [14, 16, 38]
(0, 25, 6) : [21, 22, 24]
(0, 25, 7) : [1, 2, 3]
(0, 25, 8) : [15, 17, 20]
(0, 25, 9) : [8, 18, 19]
(0, 25, 10) : [5, 6, 8]
(0, 25, 11) : [20, 36, 39]
(0, 25, 12) : [19, 20, 36]
(0, 25, 13) : [33, 35, 36]
(0, 25, 14) : [17, 18, 19]
(0, 25, 15) : [5, 8, 42]
(0, 25, 16) : [8, 33, 34]
(0, 25, 17) : [17, 19, 20]
(0, 25, 18) : [14, 15, 38]
(0, 25, 19) : [5, 27, 42]
(0, 25, 20) : [15, 20, 38]
(0, 25, 21) : [9, 10, 13]
(0, 25, 22) : [8, 34, 42]
(0, 25, 23) : [22, 23, 47]
(0, 25, 24) : [5, 27, 31]
(0, 25, 25) : [28, 29, 30]
(0, 25, 26) : [41, 42, 44]
(0, 25, 27) : [30, 44, 45]
(0, 25, 28) : [8, 9, 18]
(0, 25, 29) : [4, 6, 7]
(0, 25, 30) : [9, 13, 17]
(0, 25, 31) : [6, 8, 9]
(0, 25, 32) : [20, 38, 39]
(0, 25, 33) : [36, 39, 49]
(0, 25, 34) : [6, 7, 10]
(0, 25, 35) : [26, 28, 30]
(0, 25, 36) : [6, 9, 10]
(0, 25, 37) : [22, 46, 47]
(0, 25, 38) : [26, 30, 45]
(0, 25, 39) : [33, 34, 37]
(0, 25, 40) : [41, 43, 44]
(0, 25, 41) : [16, 38, 40]
(0, 25, 42) : [42, 44, 45]
(0, 25, 43) : [26, 27, 45]
(0, 25, 44) : [25, 26, 27]
(0, 25, 45) : [9, 17, 18]
(0, 25, 46) : [8, 19, 33]
(0, 25, 47) : [1, 3, 5]
(0, 25, 48) : [33, 35, 37]
(0, 25, 49) : [3, 31, 32]
(0, 25, 50) : [12, 14, 16]
(0, 25, 51) : [11, 12, 14]
(0, 25, 52) : [19, 33, 36]
(0, 25, 53) : [1, 4, 5]
(0, 25, 54) : [23, 29, 30]
(0, 25, 55) : [21, 22, 23]
(0, 26, 0) : [22, 23, 47]
(0, 26, 1) : [9, 17, 18]
(0, 26, 2) : [23, 29, 30]
(0, 26, 3) : [9, 13, 17]
(0, 26, 4) : [22, 46, 47]
(0, 26, 5) : [26, 28, 30]
(0, 26, 6) : [11, 12, 14]
(0, 26, 7) : [21, 22, 24]
(0, 26, 8) : [1, 2, 3]
(0, 26, 9) : [15, 17, 20]
(0, 26, 10) : [5, 6, 8]
(0, 26, 11) : [20, 36, 39]
(0, 26, 12) : [8, 18, 19]
(0, 26, 13) : [17, 18, 19]
(0, 26, 14) : [20, 38, 39]
(0, 26, 15) : [42, 44, 45]
(0, 26, 16) : [8, 19, 33]
(0, 26, 17) : [14, 16, 38]
(0, 26, 18) : [5, 8, 42]
(0, 26, 19) : [14, 15, 38]
(0, 26, 20) : [17, 19, 20]
(0, 26, 21) : [15, 20, 38]
(0, 26, 22) : [33, 34, 37]
(0, 26, 23) : [26, 30, 45]
(0, 26, 24) : [11, 14, 15]
(0, 26, 25) : [30, 44, 45]
(0, 26, 26) : [8, 33, 34]
(0, 26, 27) : [12, 14, 16]
(0, 26, 28) : [3, 5, 31]
(0, 26, 29) : [5, 27, 31]
(0, 26, 30) : [33, 35, 37]
(0, 26, 31) : [3, 31, 32]
(0, 26, 32) : [41, 42, 44]
(0, 26, 33) : [4, 5, 6]
(0, 26, 34) : [21, 22, 23]
(0, 26, 35) : [6, 9, 10]
(0, 26, 36) : [6, 7, 10]
(0, 26, 37) : [34, 41, 42]
(0, 26, 38) : [9, 10, 13]
(0, 26, 39) : [5, 27, 42]
(0, 26, 40) : [4, 6, 7]
(0, 26, 41) : [6, 8, 9]
(0, 26, 42) : [8, 34, 42]
(0, 26, 43) : [25, 26, 27]
(0, 26, 44) : [26, 27, 45]
(0, 26, 45) : [41, 43, 44]
(0, 26, 46) : [19, 33, 36]
(0, 26, 47) : [27, 42, 45]
(0, 26, 48) : [36, 39, 49]
(0, 26, 49) : [35, 36, 49]
(0, 26, 50) : [16, 38, 40]
(0, 26, 51) : [19, 20, 36]
(0, 26, 52) : [33, 35, 36]
(0, 26, 53) : [28, 29, 30]
(0, 26, 54) : [1, 4, 5]
(0, 26, 55) : [1, 3, 5]
(0, 27, 0) : [11, 14, 15]
(0, 27, 1) : [41, 43, 44]
(0, 27, 2) : [3, 5, 31]
(0, 27, 3) : [4, 5, 6]
(0, 27, 4) : [1, 4, 5]
(0, 27, 5) : [34, 41, 42]
(0, 27, 6) : [14, 16, 38]
(0, 27, 7) : [21, 22, 24]
(0, 27, 8) : [1, 2, 3]
(0, 27, 9) : [15, 17, 20]
(0, 27, 10) : [8, 18, 19]
(0, 27, 11) : [5, 8, 42]
(0, 27, 12) : [20, 36, 39]
(0, 27, 13) : [41, 42, 44]
(0, 27, 14) : [17, 18, 19]
(0, 27, 15) : [8, 33, 34]
(0, 27, 16) : [17, 19, 20]
(0, 27, 17) : [14, 15, 38]
(0, 27, 18) : [30, 44, 45]
(0, 27, 19) : [5, 27, 42]
(0, 27, 20) : [15, 20, 38]
(0, 27, 21) : [9, 10, 13]
(0, 27, 22) : [8, 34, 42]
(0, 27, 23) : [22, 23, 47]
(0, 27, 24) : [5, 27, 31]
(0, 27, 25) : [42, 44, 45]
(0, 27, 26) : [28, 29, 30]
(0, 27, 27) : [27, 42, 45]
(0, 27, 28) : [8, 9, 18]
(0, 27, 29) : [35, 36, 49]
(0, 27, 30) : [20, 38, 39]
(0, 27, 31) : [6, 8, 9]
(0, 27, 32) : [9, 13, 17]
(0, 27, 33) : [16, 38, 40]
(0, 27, 34) : [33, 34, 37]
(0, 27, 35) : [26, 30, 45]
(0, 27, 36) : [6, 9, 10]
(0, 27, 37) : [36, 39, 49]
(0, 27, 38) : [26, 28, 30]
(0, 27, 39) : [4, 6, 7]
(0, 27, 40) : [5, 6, 8]
(0, 27, 41) : [12, 14, 16]
(0, 27, 42) : [11, 12, 14]
(0, 27, 43) : [22, 46, 47]
(0, 27, 44) : [26, 27, 45]
(0, 27, 45) : [25, 26, 27]
(0, 27, 46) : [9, 17, 18]
(0, 27, 47) : [19, 20, 36]
(0, 27, 48) : [8, 19, 33]
(0, 27, 49) : [21, 22, 23]
(0, 27, 50) : [1, 3, 5]
(0, 27, 51) : [6, 7, 10]
(0, 27, 52) : [33, 35, 37]
(0, 27, 53) : [3, 31, 32]
(0, 27, 54) : [19, 33, 36]
(0, 27, 55) : [23, 29, 30]
(0, 28, 0) : [11, 14, 15]
(0, 28, 1) : [3, 5, 31]
(0, 28, 2) : [4, 5, 6]
(0, 28, 3) : [1, 4, 5]
(0, 28, 4) : [34, 41, 42]
(0, 28, 5) : [14, 16, 38]
(0, 28, 6) : [21, 22, 24]
(0, 28, 7) : [1, 2, 3]
(0, 28, 8) : [8, 19, 33]
(0, 28, 9) : [8, 18, 19]
(0, 28, 10) : [5, 8, 42]
(0, 28, 11) : [17, 18, 19]
(0, 28, 12) : [26, 30, 45]
(0, 28, 13) : [5, 6, 8]
(0, 28, 14) : [8, 9, 18]
(0, 28, 15) : [8, 33, 34]
(0, 28, 16) : [17, 19, 20]
(0, 28, 17) : [14, 15, 38]
(0, 28, 18) : [30, 44, 45]
(0, 28, 19) : [5, 27, 42]
(0, 28, 20) : [15, 20, 38]
(0, 28, 21) : [9, 10, 13]
(0, 28, 22) : [8, 34, 42]
(0, 28, 23) : [22, 23, 47]
(0, 28, 24) : [5, 27, 31]
(0, 28, 25) : [36, 39, 49]
(0, 28, 26) : [20, 36, 39]
(0, 28, 27) : [28, 29, 30]
(0, 28, 28) : [27, 42, 45]
(0, 28, 29) : [26, 27, 45]
(0, 28, 30) : [41, 42, 44]
(0, 28, 31) : [33, 35, 36]
(0, 28, 32) : [33, 34, 37]
(0, 28, 33) : [25, 26, 27]
(0, 28, 34) : [26, 28, 30]
(0, 28, 35) : [6, 9, 10]
(0, 28, 36) : [6, 8, 9]
(0, 28, 37) : [22, 46, 47]
(0, 28, 38) : [4, 6, 7]
(0, 28, 39) : [35, 36, 49]
(0, 28, 40) : [19, 20, 36]
(0, 28, 41) : [6, 7, 10]
(0, 28, 42) : [16, 38, 40]
(0, 28, 43) : [1, 3, 5]
(0, 28, 44) : [12, 14, 16]
(0, 28, 45) : [11, 12, 14]
(0, 28, 46) : [42, 44, 45]
(0, 28, 47) : [41, 43, 44]
(0, 28, 48) : [9, 17, 18]
(0, 28, 49) : [3, 31, 32]
(0, 28, 50) : [9, 13, 17]
(0, 28, 51) : [33, 35, 37]
(0, 28, 52) : [15, 17, 20]
(0, 28, 53) : [21, 22, 23]
(0, 28, 54) : [19, 33, 36]
(0, 28, 55) : [23, 29, 30]
(0, 29, 0) : [22, 23, 47]
(0, 29, 1) : [34, 41, 42]
(0, 29, 2) : [9, 17, 18]
(0, 29, 3) : [23, 29, 30]
(0, 29, 4) : [27, 42, 45]
(0, 29, 5) : [22, 46, 47]
(0, 29, 6) : [9, 13, 17]
(0, 29, 7) : [26, 28, 30]
(0, 29, 8) : [11, 12, 14]
(0, 29, 9) : [8, 34, 42]
(0, 29, 10) : [21, 22, 24]
(0, 29, 11) : [1, 2, 3]
(0, 29, 12) : [15, 17, 20]
(0, 29, 13) : [5, 6, 8]
(0, 29, 14) : [20, 36, 39]
(0, 29, 15) : [8, 18, 19]
(0, 29, 16) : [17, 18, 19]
(0, 29, 17) : [20, 38, 39]
(0, 29, 18) : [42, 44, 45]
(0, 29, 19) : [8, 19, 33]
(0, 29, 20) : [14, 16, 38]
(0, 29, 21) : [5, 8, 42]
(0, 29, 22) : [14, 15, 38]
(0, 29, 23) : [17, 19, 20]
(0, 29, 24) : [15, 20, 38]
(0, 29, 25) : [33, 34, 37]
(0, 29, 26) : [26, 30, 45]
(0, 29, 27) : [11, 14, 15]
(0, 29, 28) : [30, 44, 45]
(0, 29, 29) : [8, 33, 34]
(0, 29, 30) : [12, 14, 16]
(0, 29, 31) : [3, 5, 31]
(0, 29, 32) : [5, 27, 31]
(0, 29, 33) : [33, 35, 37]
(0, 29, 34) : [3, 31, 32]
(0, 29, 35) : [8, 9, 18]
(0, 29, 36) : [6, 9, 10]
(0, 29, 37) : [6, 7, 10]
(0, 29, 38) : [21, 22, 23]
(0, 29, 39) : [41, 43, 44]
(0, 29, 40) : [9, 10, 13]
(0, 29, 41) : [25, 26, 27]
(0, 29, 42) : [4, 5, 6]
(0, 29, 43) : [4, 6, 7]
(0, 29, 44) : [26, 27, 45]
(0, 29, 45) : [16, 38, 40]
(0, 29, 46) : [36, 39, 49]
(0, 29, 47) : [19, 20, 36]
(0, 29, 48) : [35, 36, 49]
(0, 29, 49) : [41, 42, 44]
(0, 29, 50) : [19, 33, 36]
(0, 29, 51) : [5, 27, 42]
(0, 29, 52) : [33, 35, 36]
(0, 29, 53) : [28, 29, 30]
(0, 29, 54) : [1, 4, 5]
(0, 29, 55) : [1, 3, 5]
(0, 30, 0) : [33, 34, 37]
(0, 30, 1) : [8, 34, 42]
(0, 30, 2) : [4, 6, 7]
(0, 30, 3) : [21, 22, 24]
(0, 30, 4) : [1, 2, 3]
(0, 30, 5) : [42, 44, 45]
(0, 30, 6) : [8, 19, 33]
(0, 30, 7) : [21, 22, 23]
(0, 30, 8) : [5, 6, 8]
(0, 30, 9) : [27, 42, 45]
(0, 30, 10) : [26, 27, 45]
(0, 30, 11) : [22, 46, 47]
(0, 30, 12) : [22, 23, 47]
(0, 30, 13) : [6, 9, 10]
(0, 30, 14) : [4, 5, 6]
(0, 30, 15) : [20, 36, 39]
(0, 30, 16) : [17, 18, 19]
(0, 30, 17) : [8, 18, 19]
(0, 30, 18) : [20, 38, 39]
(0, 30, 19) : [17, 19, 20]
(0, 30, 20) : [26, 30, 45]
(0, 30, 21) : [9, 10, 13]
(0, 30, 22) : [19, 20, 36]
(0, 30, 23) : [14, 16, 38]
(0, 30, 24) : [30, 44, 45]
(0, 30, 25) : [1, 4, 5]
(0, 30, 26) : [19, 33, 36]
(0, 30, 27) : [14, 15, 38]
(0, 30, 28) : [9, 17, 18]
(0, 30, 29) : [15, 17, 20]
(0, 30, 30) : [15, 20, 38]
(0, 30, 31) : [35, 36, 49]
(0, 30, 32) : [41, 43, 44]
(0, 30, 33) : [9, 13, 17]
(0, 30, 34) : [5, 27, 42]
(0, 30, 35) : [33, 35, 36]
(0, 30, 36) : [34, 41, 42]
(0, 30, 37) : [11, 12, 14]
(0, 30, 38) : [8, 33, 34]
(0, 30, 39) : [11, 14, 15]
(0, 30, 40) : [26, 28, 30]
(0, 30, 41) : [23, 29, 30]
(0, 30, 42) : [6, 8, 9]
(0, 30, 43) : [12, 14, 16]
(0, 30, 44) : [28, 29, 30]
(0, 30, 45) : [6, 7, 10]
(0, 30, 46) : [8, 9, 18]
(0, 30, 47) : [33, 35, 37]
(0, 30, 48) : [5, 8, 42]
(0, 30, 49) : [5, 27, 31]
(0, 30, 50) : [36, 39, 49]
(0, 30, 51) : [41, 42, 44]
(0, 30, 52) : [1, 3, 5]
(0, 30, 53) : [3, 5, 31]
(0, 30, 54) : [3, 31, 32]
(0, 30, 55) : [25, 26, 27]
(0, 31, 0) : [3, 5, 31]
(0, 31, 1) : [4, 5, 6]
(0, 31, 2) : [1, 4, 5]
(0, 31, 3) : [34, 41, 42]
(0, 31, 4) : [14, 16, 38]
(0, 31, 5) : [21, 22, 24]
(0, 31, 6) : [1, 2, 3]
(0, 31, 7) : [15, 17, 20]
(0, 31, 8) : [8, 18, 19]
(0, 31, 9) : [5, 8, 42]
(0, 31, 10) : [20, 36, 39]
(0, 31, 11) : [17, 18, 19]
(0, 31, 12) : [26, 30, 45]
(0, 31, 13) : [5, 6, 8]
(0, 31, 14) : [8, 9, 18]
(0, 31, 15) : [11, 14, 15]
(0, 31, 16) : [17, 19, 20]
(0, 31, 17) : [14, 15, 38]
(0, 31, 18) : [30, 44, 45]
(0, 31, 19) : [5, 27, 42]
(0, 31, 20) : [15, 20, 38]
(0, 31, 21) : [9, 10, 13]
(0, 31, 22) : [8, 34, 42]
(0, 31, 23) : [22, 23, 47]
(0, 31, 24) : [5, 27, 31]
(0, 31, 25) : [28, 29, 30]
(0, 31, 26) : [27, 42, 45]
(0, 31, 27) : [41, 42, 44]
(0, 31, 28) : [33, 35, 36]
(0, 31, 29) : [6, 8, 9]
(0, 31, 30) : [16, 38, 40]
(0, 31, 31) : [36, 39, 49]
(0, 31, 32) : [26, 28, 30]
(0, 31, 33) : [4, 6, 7]
(0, 31, 34) : [6, 9, 10]
(0, 31, 35) : [42, 44, 45]
(0, 31, 36) : [20, 38, 39]
(0, 31, 37) : [26, 27, 45]
(0, 31, 38) : [25, 26, 27]
(0, 31, 39) : [35, 36, 49]
(0, 31, 40) : [8, 33, 34]
(0, 31, 41) : [22, 46, 47]
(0, 31, 42) : [8, 19, 33]
(0, 31, 43) : [9, 13, 17]
(0, 31, 44) : [21, 22, 23]
(0, 31, 45) : [41, 43, 44]
(0, 31, 46) : [19, 20, 36]
(0, 31, 47) : [6, 7, 10]
(0, 31, 48) : [12, 14, 16]
(0, 31, 49) : [11, 12, 14]
(0, 31, 50) : [9, 17, 18]
(0, 31, 51) : [33, 35, 37]
(0, 31, 52) : [3, 31, 32]
(0, 31, 53) : [1, 3, 5]
(0, 31, 54) : [19, 33, 36]
(0, 31, 55) : [23, 29, 30]
(0, 32, 0) : [11, 14, 15]
(0, 32, 1) : [35, 36, 49]
(0, 32, 2) : [3, 5, 31]
(0, 32, 3) : [4, 5, 6]
(0, 32, 4) : [34, 41, 42]
(0, 32, 5) : [14, 16, 38]
(0, 32, 6) : [21, 22, 24]
(0, 32, 7) : [1, 2, 3]
(0, 32, 8) : [15, 17, 20]
(0, 32, 9) : [8, 18, 19]
(0, 32, 10) : [5, 8, 42]
(0, 32, 11) : [20, 36, 39]
(0, 32, 12) : [19, 20, 36]
(0, 32, 13) : [17, 18, 19]
(0, 32, 14) : [8, 33, 34]
(0, 32, 15) : [17, 19, 20]
(0, 32, 16) : [14, 15, 38]
(0, 32, 17) : [5, 27, 42]
(0, 32, 18) : [15, 20, 38]
(0, 32, 19) : [9, 10, 13]
(0, 32, 20) : [8, 34, 42]
(0, 32, 21) : [22, 23, 47]
(0, 32, 22) : [5, 27, 31]
(0, 32, 23) : [28, 29, 30]
(0, 32, 24) : [27, 42, 45]
(0, 32, 25) : [41, 42, 44]
(0, 32, 26) : [30, 44, 45]
(0, 32, 27) : [8, 9, 18]
(0, 32, 28) : [33, 35, 36]
(0, 32, 29) : [4, 6, 7]
(0, 32, 30) : [9, 13, 17]
(0, 32, 31) : [6, 8, 9]
(0, 32, 32) : [5, 6, 8]
(0, 32, 33) : [20, 38, 39]
(0, 32, 34) : [36, 39, 49]
(0, 32, 35) : [6, 7, 10]
(0, 32, 36) : [26, 28, 30]
(0, 32, 37) : [6, 9, 10]
(0, 32, 38) : [22, 46, 47]
(0, 32, 39) : [26, 30, 45]
(0, 32, 40) : [33, 34, 37]
(0, 32, 41) : [41, 43, 44]
(0, 32, 42) : [16, 38, 40]
(0, 32, 43) : [42, 44, 45]
(0, 32, 44) : [25, 26, 27]
(0, 32, 45) : [9, 17, 18]
(0, 32, 46) : [8, 19, 33]
(0, 32, 47) : [1, 3, 5]
(0, 32, 48) : [33, 35, 37]
(0, 32, 49) : [3, 31, 32]
(0, 32, 50) : [12, 14, 16]
(0, 32, 51) : [11, 12, 14]
(0, 32, 52) : [21, 22, 23]
(0, 32, 53) : [19, 33, 36]
(0, 32, 54) : [1, 4, 5]
(0, 32, 55) : [23, 29, 30]
(0, 33, 0) : [33, 35, 37]
(0, 33, 1) : [21, 22, 24]
(0, 33, 2) : [1, 2, 3]
(0, 33, 3) : [8, 18, 19]
(0, 33, 4) : [5, 6, 8]
(0, 33, 5) : [33, 35, 36]
(0, 33, 6) : [42, 44, 45]
(0, 33, 7) : [30, 44, 45]
(0, 33, 8) : [26, 27, 45]
(0, 33, 9) : [21, 22, 23]
(0, 33, 10) : [8, 34, 42]
(0, 33, 11) : [20, 36, 39]
(0, 33, 12) : [8, 33, 34]
(0, 33, 13) : [12, 14, 16]
(0, 33, 14) : [41, 42, 44]
(0, 33, 15) : [8, 9, 18]
(0, 33, 16) : [8, 19, 33]
(0, 33, 17) : [19, 33, 36]
(0, 33, 18) : [5, 8, 42]
(0, 33, 19) : [35, 36, 49]
(0, 33, 20) : [26, 30, 45]
(0, 33, 21) : [11, 12, 14]
(0, 33, 22) : [33, 34, 37]
(0, 33, 23) : [11, 14, 15]
(0, 33, 24) : [5, 27, 31]
(0, 33, 25) : [27, 42, 45]
(0, 33, 26) : [15, 17, 20]
(0, 33, 27) : [5, 27, 42]
(0, 33, 28) : [9, 13, 17]
(0, 33, 29) : [41, 43, 44]
(0, 33, 30) : [22, 46, 47]
(0, 33, 31) : [22, 23, 47]
(0, 33, 32) : [36, 39, 49]
(0, 33, 33) : [6, 9, 10]
(0, 33, 34) : [9, 10, 13]
(0, 33, 35) : [23, 29, 30]
(0, 33, 36) : [19, 20, 36]
(0, 33, 37) : [20, 38, 39]
(0, 33, 38) : [9, 17, 18]
(0, 33, 39) : [6, 8, 9]
(0, 33, 40) : [4, 5, 6]
(0, 33, 41) : [3, 31, 32]
(0, 33, 42) : [26, 28, 30]
(0, 33, 43) : [17, 18, 19]
(0, 33, 44) : [17, 19, 20]
(0, 33, 45) : [15, 20, 38]
(0, 33, 46) : [1, 3, 5]
(0, 33, 47) : [1, 4, 5]
(0, 33, 48) : [16, 38, 40]
(0, 33, 49) : [4, 6, 7]
(0, 33, 50) : [3, 5, 31]
(0, 33, 51) : [14, 16, 38]
(0, 33, 52) : [14, 15, 38]
(0, 33, 53) : [34, 41, 42]
(0, 33, 54) : [28, 29, 30]
(0, 33, 55) : [6, 7, 10]
(0, 34, 0) : [11, 14, 15]
(0, 34, 1) : [41, 43, 44]
(0, 34, 2) : [3, 5, 31]
(0, 34, 3) : [4, 5, 6]
(0, 34, 4) : [1, 4, 5]
(0, 34, 5) : [34, 41, 42]
(0, 34, 6) : [14, 16, 38]
(0, 34, 7) : [21, 22, 24]
(0, 34, 8) : [1, 2, 3]
(0, 34, 9) : [15, 17, 20]
(0, 34, 10) : [8, 18, 19]
(0, 34, 11) : [5, 8, 42]
(0, 34, 12) : [20, 36, 39]
(0, 34, 13) : [41, 42, 44]
(0, 34, 14) : [17, 18, 19]
(0, 34, 15) : [8, 33, 34]
(0, 34, 16) : [17, 19, 20]
(0, 34, 17) : [14, 15, 38]
(0, 34, 18) : [30, 44, 45]
(0, 34, 19) : [5, 27, 42]
(0, 34, 20) : [15, 20, 38]
(0, 34, 21) : [9, 10, 13]
(0, 34, 22) : [8, 34, 42]
(0, 34, 23) : [22, 23, 47]
(0, 34, 24) : [5, 27, 31]
(0, 34, 25) : [42, 44, 45]
(0, 34, 26) : [28, 29, 30]
(0, 34, 27) : [27, 42, 45]
(0, 34, 28) : [8, 9, 18]
(0, 34, 29) : [33, 35, 36]
(0, 34, 30) : [20, 38, 39]
(0, 34, 31) : [6, 8, 9]
(0, 34, 32) : [16, 38, 40]
(0, 34, 33) : [33, 34, 37]
(0, 34, 34) : [26, 30, 45]
(0, 34, 35) : [6, 9, 10]
(0, 34, 36) : [26, 28, 30]
(0, 34, 37) : [4, 6, 7]
(0, 34, 38) : [9, 13, 17]
(0, 34, 39) : [12, 14, 16]
(0, 34, 40) : [11, 12, 14]
(0, 34, 41) : [8, 19, 33]
(0, 34, 42) : [22, 46, 47]
(0, 34, 43) : [21, 22, 23]
(0, 34, 44) : [5, 6, 8]
(0, 34, 45) : [26, 27, 45]
(0, 34, 46) : [25, 26, 27]
(0, 34, 47) : [9, 17, 18]
(0, 34, 48) : [6, 7, 10]
(0, 34, 49) : [35, 36, 49]
(0, 34, 50) : [19, 20, 36]
(0, 34, 51) : [33, 35, 37]
(0, 34, 52) : [3, 31, 32]
(0, 34, 53) : [1, 3, 5]
(0, 34, 54) : [19, 33, 36]
(0, 34, 55) : [23, 29, 30]
(0, 35, 0) : [11, 14, 15]
(0, 35, 1) : [41, 43, 44]
(0, 35, 2) : [3, 5, 31]
(0, 35, 3) : [4, 5, 6]
(0, 35, 4) : [1, 4, 5]
(0, 35, 5) : [34, 41, 42]
(0, 35, 6) : [14, 16, 38]
(0, 35, 7) : [21, 22, 24]
(0, 35, 8) : [1, 2, 3]
(0, 35, 9) : [8, 19, 33]
(0, 35, 10) : [8, 18, 19]
(0, 35, 11) : [5, 8, 42]
(0, 35, 12) : [20, 38, 39]
(0, 35, 13) : [41, 42, 44]
(0, 35, 14) : [17, 18, 19]
(0, 35, 15) : [8, 33, 34]
(0, 35, 16) : [36, 39, 49]
(0, 35, 17) : [17, 19, 20]
(0, 35, 18) : [14, 15, 38]
(0, 35, 19) : [30, 44, 45]
(0, 35, 20) : [35, 36, 49]
(0, 35, 21) : [5, 27, 42]
(0, 35, 22) : [15, 20, 38]
(0, 35, 23) : [9, 10, 13]
(0, 35, 24) : [8, 34, 42]
(0, 35, 25) : [22, 23, 47]
(0, 35, 26) : [5, 27, 31]
(0, 35, 27) : [42, 44, 45]
(0, 35, 28) : [28, 29, 30]
(0, 35, 29) : [27, 42, 45]
(0, 35, 30) : [8, 9, 18]
(0, 35, 31) : [33, 35, 36]
(0, 35, 32) : [6, 8, 9]
(0, 35, 33) : [26, 30, 45]
(0, 35, 34) : [16, 38, 40]
(0, 35, 35) : [33, 34, 37]
(0, 35, 36) : [26, 27, 45]
(0, 35, 37) : [25, 26, 27]
(0, 35, 38) : [26, 28, 30]
(0, 35, 39) : [4, 6, 7]
(0, 35, 40) : [9, 13, 17]
(0, 35, 41) : [6, 9, 10]
(0, 35, 42) : [22, 46, 47]
(0, 35, 43) : [5, 6, 8]
(0, 35, 44) : [9, 17, 18]
(0, 35, 45) : [12, 14, 16]
(0, 35, 46) : [11, 12, 14]
(0, 35, 47) : [6, 7, 10]
(0, 35, 48) : [19, 20, 36]
(0, 35, 49) : [21, 22, 23]
(0, 35, 50) : [1, 3, 5]
(0, 35, 51) : [33, 35, 37]
(0, 35, 52) : [3, 31, 32]
(0, 35, 53) : [15, 17, 20]
(0, 35, 54) : [19, 33, 36]
(0, 35, 55) : [23, 29, 30]
(0, 36, 0) : [11, 14, 15]
(0, 36, 1) : [3, 5, 31]
(0, 36, 2) : [4, 5, 6]
(0, 36, 3) : [1, 4, 5]
(0, 36, 4) : [34, 41, 42]
(0, 36, 5) : [14, 16, 38]
(0, 36, 6) : [21, 22, 24]
(0, 36, 7) : [1, 2, 3]
(0, 36, 8) : [15, 17, 20]
(0, 36, 9) : [8, 18, 19]
(0, 36, 10) : [5, 8, 42]
(0, 36, 11) : [20, 36, 39]
(0, 36, 12) : [17, 18, 19]
(0, 36, 13) : [26, 30, 45]
(0, 36, 14) : [5, 6, 8]
(0, 36, 15) : [8, 9, 18]
(0, 36, 16) : [8, 33, 34]
(0, 36, 17) : [17, 19, 20]
(0, 36, 18) : [14, 15, 38]
(0, 36, 19) : [30, 44, 45]
(0, 36, 20) : [5, 27, 42]
(0, 36, 21) : [15, 20, 38]
(0, 36, 22) : [9, 10, 13]
(0, 36, 23) : [8, 34, 42]
(0, 36, 24) : [22, 23, 47]
(0, 36, 25) : [5, 27, 31]
(0, 36, 26) : [28, 29, 30]
(0, 36, 27) : [27, 42, 45]
(0, 36, 28) : [41, 42, 44]
(0, 36, 29) : [33, 35, 36]
(0, 36, 30) : [20, 38, 39]
(0, 36, 31) : [6, 8, 9]
(0, 36, 32) : [16, 38, 40]
(0, 36, 33) : [33, 34, 37]
(0, 36, 34) : [26, 27, 45]
(0, 36, 35) : [25, 26, 27]
(0, 36, 36) : [36, 39, 49]
(0, 36, 37) : [4, 6, 7]
(0, 36, 38) : [9, 13, 17]
(0, 36, 39) : [42, 44, 45]
(0, 36, 40) : [6, 9, 10]
(0, 36, 41) : [41, 43, 44]
(0, 36, 42) : [8, 19, 33]
(0, 36, 43) : [9, 17, 18]
(0, 36, 44) : [35, 36, 49]
(0, 36, 45) : [12, 14, 16]
(0, 36, 46) : [11, 12, 14]
(0, 36, 47) : [21, 22, 23]
(0, 36, 48) : [6, 7, 10]
(0, 36, 49) : [19, 20, 36]
(0, 36, 50) : [22, 46, 47]
(0, 36, 51) : [33, 35, 37]
(0, 36, 52) : [3, 31, 32]
(0, 36, 53) : [1, 3, 5]
(0, 36, 54) : [19, 33, 36]
(0, 36, 55) : [23, 29, 30]
(0, 37, 0) : [11, 14, 15]
(0, 37, 1) : [41, 43, 44]
(0, 37, 2) : [3, 5, 31]
(0, 37, 3) : [1, 4, 5]
(0, 37, 4) : [34, 41, 42]
(0, 37, 5) : [14, 16, 38]
(0, 37, 6) : [21, 22, 24]
(0, 37, 7) : [1, 2, 3]
(0, 37, 8) : [15, 17, 20]
(0, 37, 9) : [8, 18, 19]
(0, 37, 10) : [20, 36, 39]
(0, 37, 11) : [41, 42, 44]
(0, 37, 12) : [17, 18, 19]
(0, 37, 13) : [8, 33, 34]
(0, 37, 14) : [17, 19, 20]
(0, 37, 15) : [14, 15, 38]
(0, 37, 16) : [30, 44, 45]
(0, 37, 17) : [5, 27, 42]
(0, 37, 18) : [15, 20, 38]
(0, 37, 19) : [9, 10, 13]
(0, 37, 20) : [8, 34, 42]
(0, 37, 21) : [22, 23, 47]
(0, 37, 22) : [5, 27, 31]
(0, 37, 23) : [42, 44, 45]
(0, 37, 24) : [28, 29, 30]
(0, 37, 25) : [27, 42, 45]
(0, 37, 26) : [8, 9, 18]
(0, 37, 27) : [33, 35, 36]
(0, 37, 28) : [20, 38, 39]
(0, 37, 29) : [6, 8, 9]
(0, 37, 30) : [5, 8, 42]
(0, 37, 31) : [26, 30, 45]
(0, 37, 32) : [16, 38, 40]
(0, 37, 33) : [33, 34, 37]
(0, 37, 34) : [26, 27, 45]
(0, 37, 35) : [25, 26, 27]
(0, 37, 36) : [36, 39, 49]
(0, 37, 37) : [26, 28, 30]
(0, 37, 38) : [4, 5, 6]
(0, 37, 39) : [9, 13, 17]
(0, 37, 40) : [6, 7, 10]
(0, 37, 41) : [19, 20, 36]
(0, 37, 42) : [6, 9, 10]
(0, 37, 43) : [5, 6, 8]
(0, 37, 44) : [9, 17, 18]
(0, 37, 45) : [35, 36, 49]
(0, 37, 46) : [22, 46, 47]
(0, 37, 47) : [21, 22, 23]
(0, 37, 48) : [1, 3, 5]
(0, 37, 49) : [8, 19, 33]
(0, 37, 50) : [12, 14, 16]
(0, 37, 51) : [11, 12, 14]
(0, 37, 52) : [33, 35, 37]
(0, 37, 53) : [3, 31, 32]
(0, 37, 54) : [19, 33, 36]
(0, 37, 55) : [23, 29, 30]
(0, 38, 0) : [11, 14, 15]
(0, 38, 1) : [41, 43, 44]
(0, 38, 2) : [3, 5, 31]
(0, 38, 3) : [34, 41, 42]
(0, 38, 4) : [14, 16, 38]
(0, 38, 5) : [21, 22, 24]
(0, 38, 6) : [1, 2, 3]
(0, 38, 7) : [42, 44, 45]
(0, 38, 8) : [15, 17, 20]
(0, 38, 9) : [8, 18, 19]
(0, 38, 10) : [20, 36, 39]
(0, 38, 11) : [41, 42, 44]
(0, 38, 12) : [17, 18, 19]
(0, 38, 13) : [8, 33, 34]
(0, 38, 14) : [17, 19, 20]
(0, 38, 15) : [14, 15, 38]
(0, 38, 16) : [30, 44, 45]
(0, 38, 17) : [5, 27, 42]
(0, 38, 18) : [15, 20, 38]
(0, 38, 19) : [9, 10, 13]
(0, 38, 20) : [8, 34, 42]
(0, 38, 21) : [22, 23, 47]
(0, 38, 22) : [5, 27, 31]
(0, 38, 23) : [28, 29, 30]
(0, 38, 24) : [27, 42, 45]
(0, 38, 25) : [8, 9, 18]
(0, 38, 26) : [33, 35, 36]
(0, 38, 27) : [20, 38, 39]
(0, 38, 28) : [6, 8, 9]
(0, 38, 29) : [1, 3, 5]
(0, 38, 30) : [26, 30, 45]
(0, 38, 31) : [16, 38, 40]
(0, 38, 32) : [33, 34, 37]
(0, 38, 33) : [5, 8, 42]
(0, 38, 34) : [26, 27, 45]
(0, 38, 35) : [25, 26, 27]
(0, 38, 36) : [36, 39, 49]
(0, 38, 37) : [26, 28, 30]
(0, 38, 38) : [4, 6, 7]
(0, 38, 39) : [5, 6, 8]
(0, 38, 40) : [9, 13, 17]
(0, 38, 41) : [6, 7, 10]
(0, 38, 42) : [19, 20, 36]
(0, 38, 43) : [6, 9, 10]
(0, 38, 44) : [8, 19, 33]
(0, 38, 45) : [9, 17, 18]
(0, 38, 46) : [35, 36, 49]
(0, 38, 47) : [22, 46, 47]
(0, 38, 48) : [21, 22, 23]
(0, 38, 49) : [12, 14, 16]
(0, 38, 50) : [11, 12, 14]
(0, 38, 51) : [33, 35, 37]
(0, 38, 52) : [3, 31, 32]
(0, 38, 53) : [19, 33, 36]
(0, 38, 54) : [23, 29, 30]
(0, 38, 55) : [1, 4, 5]
(0, 39, 0) : [22, 23, 47]
(0, 39, 1) : [23, 29, 30]
(0, 39, 2) : [22, 46, 47]
(0, 39, 3) : [4, 5, 6]
(0, 39, 4) : [11, 12, 14]
(0, 39, 5) : [21, 22, 24]
(0, 39, 6) : [1, 2, 3]
(0, 39, 7) : [15, 17, 20]
(0, 39, 8) : [8, 18, 19]
(0, 39, 9) : [5, 8, 42]
(0, 39, 10) : [20, 36, 39]
(0, 39, 11) : [5, 6, 8]
(0, 39, 12) : [30, 44, 45]
(0, 39, 13) : [42, 44, 45]
(0, 39, 14) : [8, 19, 33]
(0, 39, 15) : [14, 16, 38]
(0, 39, 16) : [14, 15, 38]
(0, 39, 17) : [20, 38, 39]
(0, 39, 18) : [17, 19, 20]
(0, 39, 19) : [15, 20, 38]
(0, 39, 20) : [33, 34, 37]
(0, 39, 21) : [26, 30, 45]
(0, 39, 22) : [11, 14, 15]
(0, 39, 23) : [8, 33, 34]
(0, 39, 24) : [12, 14, 16]
(0, 39, 25) : [3, 5, 31]
(0, 39, 26) : [5, 27, 31]
(0, 39, 27) : [26, 28, 30]
(0, 39, 28) : [9, 17, 18]
(0, 39, 29) : [33, 35, 37]
(0, 39, 30) : [3, 31, 32]
(0, 39, 31) : [8, 9, 18]
(0, 39, 32) : [6, 9, 10]
(0, 39, 33) : [6, 7, 10]
(0, 39, 34) : [6, 8, 9]
(0, 39, 35) : [9, 10, 13]
(0, 39, 36) : [21, 22, 23]
(0, 39, 37) : [41, 43, 44]
(0, 39, 38) : [4, 6, 7]
(0, 39, 39) : [25, 26, 27]
(0, 39, 40) : [16, 38, 40]
(0, 39, 41) : [19, 20, 36]
(0, 39, 42) : [26, 27, 45]
(0, 39, 43) : [41, 42, 44]
(0, 39, 44) : [19, 33, 36]
(0, 39, 45) : [36, 39, 49]
(0, 39, 46) : [35, 36, 49]
(0, 39, 47) : [8, 34, 42]
(0, 39, 48) : [34, 41, 42]
(0, 39, 49) : [27, 42, 45]
(0, 39, 50) : [5, 27, 42]
(0, 39, 51) : [33, 35, 36]
(0, 39, 52) : [28, 29, 30]
(0, 39, 53) : [1, 3, 5]
(0, 39, 54) : [1, 4, 5]
(0, 39, 55) : [17, 18, 19]
(0, 40, 0) : [11, 14, 15]
(0, 40, 1) : [41, 43, 44]
(0, 40, 2) : [3, 5, 31]
(0, 40, 3) : [1, 4, 5]
(0, 40, 4) : [34, 41, 42]
(0, 40, 5) : [14, 16, 38]
(0, 40, 6) : [21, 22, 24]
(0, 40, 7) : [1, 2, 3]
(0, 40, 8) : [15, 17, 20]
(0, 40, 9) : [8, 18, 19]
(0, 40, 10) : [20, 36, 39]
(0, 40, 11) : [41, 42, 44]
(0, 40, 12) : [17, 18, 19]
(0, 40, 13) : [8, 33, 34]
(0, 40, 14) : [17, 19, 20]
(0, 40, 15) : [14, 15, 38]
(0, 40, 16) : [30, 44, 45]
(0, 40, 17) : [5, 27, 42]
(0, 40, 18) : [15, 20, 38]
(0, 40, 19) : [9, 10, 13]
(0, 40, 20) : [8, 34, 42]
(0, 40, 21) : [22, 23, 47]
(0, 40, 22) : [5, 27, 31]
(0, 40, 23) : [42, 44, 45]
(0, 40, 24) : [28, 29, 30]
(0, 40, 25) : [27, 42, 45]
(0, 40, 26) : [8, 9, 18]
(0, 40, 27) : [33, 35, 36]
(0, 40, 28) : [20, 38, 39]
(0, 40, 29) : [6, 8, 9]
(0, 40, 30) : [5, 8, 42]
(0, 40, 31) : [26, 30, 45]
(0, 40, 32) : [16, 38, 40]
(0, 40, 33) : [33, 34, 37]
(0, 40, 34) : [26, 27, 45]
(0, 40, 35) : [25, 26, 27]
(0, 40, 36) : [36, 39, 49]
(0, 40, 37) : [26, 28, 30]
(0, 40, 38) : [4, 6, 7]
(0, 40, 39) : [4, 5, 6]
(0, 40, 40) : [9, 13, 17]
(0, 40, 41) : [19, 20, 36]
(0, 40, 42) : [6, 9, 10]
(0, 40, 43) : [5, 6, 8]
(0, 40, 44) : [9, 17, 18]
(0, 40, 45) : [35, 36, 49]
(0, 40, 46) : [22, 46, 47]
(0, 40, 47) : [21, 22, 23]
(0, 40, 48) : [1, 3, 5]
(0, 40, 49) : [12, 14, 16]
(0, 40, 50) : [11, 12, 14]
(0, 40, 51) : [33, 35, 37]
(0, 40, 52) : [3, 31, 32]
(0, 40, 53) : [8, 19, 33]
(0, 40, 54) : [19, 33, 36]
(0, 40, 55) : [23, 29, 30]
(0, 41, 0) : [9, 17, 18]
(0, 41, 1) : [3, 5, 31]
(0, 41, 2) : [26, 28, 30]
(0, 41, 3) : [1, 4, 5]
(0, 41, 4) : [21, 22, 24]
(0, 41, 5) : [1, 2, 3]
(0, 41, 6) : [15, 17, 20]
(0, 41, 7) : [5, 6, 8]
(0, 41, 8) : [20, 36, 39]
(0, 41, 9) : [17, 19, 20]
(0, 41, 10) : [8, 9, 18]
(0, 41, 11) : [8, 18, 19]
(0, 41, 12) : [17, 18, 19]
(0, 41, 13) : [26, 30, 45]
(0, 41, 14) : [11, 14, 15]
(0, 41, 15) : [14, 15, 38]
(0, 41, 16) : [30, 44, 45]
(0, 41, 17) : [34, 41, 42]
(0, 41, 18) : [8, 34, 42]
(0, 41, 19) : [5, 27, 42]
(0, 41, 20) : [15, 20, 38]
(0, 41, 21) : [9, 10, 13]
(0, 41, 22) : [22, 23, 47]
(0, 41, 23) : [5, 27, 31]
(0, 41, 24) : [28, 29, 30]
(0, 41, 25) : [20, 38, 39]
(0, 41, 26) : [27, 42, 45]
(0, 41, 27) : [41, 42, 44]
(0, 41, 28) : [33, 35, 36]
(0, 41, 29) : [5, 8, 42]
(0, 41, 30) : [42, 44, 45]
(0, 41, 31) : [26, 27, 45]
(0, 41, 32) : [25, 26, 27]
(0, 41, 33) : [36, 39, 49]
(0, 41, 34) : [6, 8, 9]
(0, 41, 35) : [14, 16, 38]
(0, 41, 36) : [4, 6, 7]
(0, 41, 37) : [4, 5, 6]
(0, 41, 38) : [9, 13, 17]
(0, 41, 39) : [35, 36, 49]
(0, 41, 40) : [8, 19, 33]
(0, 41, 41) : [16, 38, 40]
(0, 41, 42) : [6, 9, 10]
(0, 41, 43) : [1, 3, 5]
(0, 41, 44) : [19, 20, 36]
(0, 41, 45) : [22, 46, 47]
(0, 41, 46) : [41, 43, 44]
(0, 41, 47) : [6, 7, 10]
(0, 41, 48) : [12, 14, 16]
(0, 41, 49) : [11, 12, 14]
(0, 41, 50) : [3, 31, 32]
(0, 41, 51) : [33, 34, 37]
(0, 41, 52) : [21, 22, 23]
(0, 41, 53) : [33, 35, 37]
(0, 41, 54) : [19, 33, 36]
(0, 41, 55) : [23, 29, 30]
(0, 42, 0) : [11, 14, 15]
(0, 42, 1) : [3, 5, 31]
(0, 42, 2) : [15, 20, 38]
(0, 42, 3) : [4, 5, 6]
(0, 42, 4) : [1, 4, 5]
(0, 42, 5) : [34, 41, 42]
(0, 42, 6) : [14, 16, 38]
(0, 42, 7) : [21, 22, 24]
(0, 42, 8) : [1, 2, 3]
(0, 42, 9) : [8, 33, 34]
(0, 42, 10) : [8, 18, 19]
(0, 42, 11) : [5, 8, 42]
(0, 42, 12) : [20, 38, 39]
(0, 42, 13) : [8, 9, 18]
(0, 42, 14) : [6, 8, 9]
(0, 42, 15) : [5, 6, 8]
(0, 42, 16) : [26, 30, 45]
(0, 42, 17) : [17, 19, 20]
(0, 42, 18) : [17, 18, 19]
(0, 42, 19) : [14, 15, 38]
(0, 42, 20) : [30, 44, 45]
(0, 42, 21) : [5, 27, 42]
(0, 42, 22) : [9, 10, 13]
(0, 42, 23) : [8, 34, 42]
(0, 42, 24) : [22, 23, 47]
(0, 42, 25) : [5, 27, 31]
(0, 42, 26) : [28, 29, 30]
(0, 42, 27) : [27, 42, 45]
(0, 42, 28) : [41, 42, 44]
(0, 42, 29) : [33, 35, 36]
(0, 42, 30) : [22, 46, 47]
(0, 42, 31) : [26, 27, 45]
(0, 42, 32) : [25, 26, 27]
(0, 42, 33) : [36, 39, 49]
(0, 42, 34) : [20, 36, 39]
(0, 42, 35) : [26, 28, 30]
(0, 42, 36) : [4, 6, 7]
(0, 42, 37) : [33, 34, 37]
(0, 42, 38) : [16, 38, 40]
(0, 42, 39) : [12, 14, 16]
(0, 42, 40) : [11, 12, 14]
(0, 42, 41) : [35, 36, 49]
(0, 42, 42) : [42, 44, 45]
(0, 42, 43) : [9, 17, 18]
(0, 42, 44) : [15, 17, 20]
(0, 42, 45) : [6, 9, 10]
(0, 42, 46) : [6, 7, 10]
(0, 42, 47) : [1, 3, 5]
(0, 42, 48) : [8, 19, 33]
(0, 42, 49) : [41, 43, 44]
(0, 42, 50) : [9, 13, 17]
(0, 42, 51) : [21, 22, 23]
(0, 42, 52) : [33, 35, 37]
(0, 42, 53) : [3, 31, 32]
(0, 42, 54) : [19, 33, 36]
(0, 42, 55) : [23, 29, 30]
(0, 43, 0) : [22, 23, 47]
(0, 43, 1) : [23, 29, 30]
(0, 43, 2) : [22, 46, 47]
(0, 43, 3) : [4, 5, 6]
(0, 43, 4) : [9, 13, 17]
(0, 43, 5) : [11, 12, 14]
(0, 43, 6) : [21, 22, 24]
(0, 43, 7) : [1, 2, 3]
(0, 43, 8) : [15, 17, 20]
(0, 43, 9) : [8, 18, 19]
(0, 43, 10) : [5, 8, 42]
(0, 43, 11) : [20, 36, 39]
(0, 43, 12) : [5, 6, 8]
(0, 43, 13) : [30, 44, 45]
(0, 43, 14) : [6, 8, 9]
(0, 43, 15) : [42, 44, 45]
(0, 43, 16) : [8, 19, 33]
(0, 43, 17) : [14, 16, 38]
(0, 43, 18) : [14, 15, 38]
(0, 43, 19) : [20, 38, 39]
(0, 43, 20) : [17, 19, 20]
(0, 43, 21) : [15, 20, 38]
(0, 43, 22) : [33, 34, 37]
(0, 43, 23) : [26, 30, 45]
(0, 43, 24) : [11, 14, 15]
(0, 43, 25) : [8, 33, 34]
(0, 43, 26) : [12, 14, 16]
(0, 43, 27) : [3, 5, 31]
(0, 43, 28) : [5, 27, 31]
(0, 43, 29) : [26, 28, 30]
(0, 43, 30) : [9, 17, 18]
(0, 43, 31) : [33, 35, 37]
(0, 43, 32) : [3, 31, 32]
(0, 43, 33) : [8, 9, 18]
(0, 43, 34) : [6, 9, 10]
(0, 43, 35) : [6, 7, 10]
(0, 43, 36) : [21, 22, 23]
(0, 43, 37) : [41, 43, 44]
(0, 43, 38) : [4, 6, 7]
(0, 43, 39) : [25, 26, 27]
(0, 43, 40) : [16, 38, 40]
(0, 43, 41) : [26, 27, 45]
(0, 43, 42) : [36, 39, 49]
(0, 43, 43) : [19, 33, 36]
(0, 43, 44) : [41, 42, 44]
(0, 43, 45) : [35, 36, 49]
(0, 43, 46) : [19, 20, 36]
(0, 43, 47) : [8, 34, 42]
(0, 43, 48) : [34, 41, 42]
(0, 43, 49) : [27, 42, 45]
(0, 43, 50) : [5, 27, 42]
(0, 43, 51) : [33, 35, 36]
(0, 43, 52) : [28, 29, 30]
(0, 43, 53) : [1, 4, 5]
(0, 43, 54) : [1, 3, 5]
(0, 43, 55) : [17, 18, 19]
(0, 44, 0) : [22, 23, 47]
(0, 44, 1) : [34, 41, 42]
(0, 44, 2) : [23, 29, 30]
(0, 44, 3) : [41, 43, 44]
(0, 44, 4) : [27, 42, 45]
(0, 44, 5) : [22, 46, 47]
(0, 44, 6) : [9, 13, 17]
(0, 44, 7) : [11, 12, 14]
(0, 44, 8) : [8, 34, 42]
(0, 44, 9) : [21, 22, 24]
(0, 44, 10) : [1, 2, 3]
(0, 44, 11) : [15, 17, 20]
(0, 44, 12) : [8, 18, 19]
(0, 44, 13) : [20, 36, 39]
(0, 44, 14) : [41, 42, 44]
(0, 44, 15) : [20, 38, 39]
(0, 44, 16) : [42, 44, 45]
(0, 44, 17) : [8, 19, 33]
(0, 44, 18) : [14, 16, 38]
(0, 44, 19) : [5, 8, 42]
(0, 44, 20) : [14, 15, 38]
(0, 44, 21) : [17, 19, 20]
(0, 44, 22) : [15, 20, 38]
(0, 44, 23) : [33, 34, 37]
(0, 44, 24) : [26, 30, 45]
(0, 44, 25) : [11, 14, 15]
(0, 44, 26) : [30, 44, 45]
(0, 44, 27) : [8, 33, 34]
(0, 44, 28) : [12, 14, 16]
(0, 44, 29) : [3, 5, 31]
(0, 44, 30) : [5, 27, 31]
(0, 44, 31) : [26, 28, 30]
(0, 44, 32) : [5, 6, 8]
(0, 44, 33) : [9, 17, 18]
(0, 44, 34) : [33, 35, 37]
(0, 44, 35) : [3, 31, 32]
(0, 44, 36) : [8, 9, 18]
(0, 44, 37) : [6, 7, 10]
(0, 44, 38) : [6, 8, 9]
(0, 44, 39) : [21, 22, 23]
(0, 44, 40) : [9, 10, 13]
(0, 44, 41) : [25, 26, 27]
(0, 44, 42) : [4, 5, 6]
(0, 44, 43) : [4, 6, 7]
(0, 44, 44) : [16, 38, 40]
(0, 44, 45) : [36, 39, 49]
(0, 44, 46) : [26, 27, 45]
(0, 44, 47) : [35, 36, 49]
(0, 44, 48) : [19, 20, 36]
(0, 44, 49) : [17, 18, 19]
(0, 44, 50) : [5, 27, 42]
(0, 44, 51) : [19, 33, 36]
(0, 44, 52) : [33, 35, 36]
(0, 44, 53) : [28, 29, 30]
(0, 44, 54) : [1, 4, 5]
(0, 44, 55) : [1, 3, 5]
(0, 45, 0) : [11, 14, 15]
(0, 45, 1) : [9, 17, 18]
(0, 45, 2) : [3, 5, 31]
(0, 45, 3) : [26, 28, 30]
(0, 45, 4) : [34, 41, 42]
(0, 45, 5) : [14, 16, 38]
(0, 45, 6) : [21, 22, 24]
(0, 45, 7) : [1, 2, 3]
(0, 45, 8) : [15, 17, 20]
(0, 45, 9) : [8, 18, 19]
(0, 45, 10) : [20, 36, 39]
(0, 45, 11) : [17, 19, 20]
(0, 45, 12) : [8, 9, 18]
(0, 45, 13) : [17, 18, 19]
(0, 45, 14) : [26, 30, 45]
(0, 45, 15) : [8, 33, 34]
(0, 45, 16) : [14, 15, 38]
(0, 45, 17) : [30, 44, 45]
(0, 45, 18) : [5, 27, 42]
(0, 45, 19) : [15, 20, 38]
(0, 45, 20) : [9, 10, 13]
(0, 45, 21) : [8, 34, 42]
(0, 45, 22) : [22, 23, 47]
(0, 45, 23) : [5, 27, 31]
(0, 45, 24) : [28, 29, 30]
(0, 45, 25) : [27, 42, 45]
(0, 45, 26) : [41, 42, 44]
(0, 45, 27) : [33, 35, 36]
(0, 45, 28) : [20, 38, 39]
(0, 45, 29) : [6, 8, 9]
(0, 45, 30) : [1, 3, 5]
(0, 45, 31) : [16, 38, 40]
(0, 45, 32) : [33, 34, 37]
(0, 45, 33) : [5, 8, 42]
(0, 45, 34) : [26, 27, 45]
(0, 45, 35) : [25, 26, 27]
(0, 45, 36) : [36, 39, 49]
(0, 45, 37) : [4, 6, 7]
(0, 45, 38) : [4, 5, 6]
(0, 45, 39) : [9, 13, 17]
(0, 45, 40) : [42, 44, 45]
(0, 45, 41) : [6, 7, 10]
(0, 45, 42) : [19, 20, 36]
(0, 45, 43) : [6, 9, 10]
(0, 45, 44) : [41, 43, 44]
(0, 45, 45) : [8, 19, 33]
(0, 45, 46) : [35, 36, 49]
(0, 45, 47) : [22, 46, 47]
(0, 45, 48) : [21, 22, 23]
(0, 45, 49) : [12, 14, 16]
(0, 45, 50) : [11, 12, 14]
(0, 45, 51) : [33, 35, 37]
(0, 45, 52) : [3, 31, 32]
(0, 45, 53) : [19, 33, 36]
(0, 45, 54) : [23, 29, 30]
(0, 45, 55) : [1, 4, 5]
(0, 46, 0) : [11, 14, 15]
(0, 46, 1) : [41, 43, 44]
(0, 46, 2) : [3, 5, 31]
(0, 46, 3) : [4, 5, 6]
(0, 46, 4) : [1, 4, 5]
(0, 46, 5) : [34, 41, 42]
(0, 46, 6) : [14, 16, 38]
(0, 46, 7) : [21, 22, 24]
(0, 46, 8) : [1, 2, 3]
(0, 46, 9) : [15, 17, 20]
(0, 46, 10) : [8, 18, 19]
(0, 46, 11) : [5, 8, 42]
(0, 46, 12) : [20, 36, 39]
(0, 46, 13) : [41, 42, 44]
(0, 46, 14) : [17, 18, 19]
(0, 46, 15) : [8, 33, 34]
(0, 46, 16) : [17, 19, 20]
(0, 46, 17) : [14, 15, 38]
(0, 46, 18) : [30, 44, 45]
(0, 46, 19) : [5, 27, 42]
(0, 46, 20) : [15, 20, 38]
(0, 46, 21) : [9, 10, 13]
(0, 46, 22) : [8, 34, 42]
(0, 46, 23) : [22, 23, 47]
(0, 46, 24) : [5, 27, 31]
(0, 46, 25) : [42, 44, 45]
(0, 46, 26) : [28, 29, 30]
(0, 46, 27) : [27, 42, 45]
(0, 46, 28) : [8, 9, 18]
(0, 46, 29) : [33, 35, 36]
(0, 46, 30) : [20, 38, 39]
(0, 46, 31) : [6, 8, 9]
(0, 46, 32) : [16, 38, 40]
(0, 46, 33) : [33, 34, 37]
(0, 46, 34) : [26, 30, 45]
(0, 46, 35) : [6, 9, 10]
(0, 46, 36) : [36, 39, 49]
(0, 46, 37) : [26, 28, 30]
(0, 46, 38) : [4, 6, 7]
(0, 46, 39) : [9, 13, 17]
(0, 46, 40) : [12, 14, 16]
(0, 46, 41) : [11, 12, 14]
(0, 46, 42) : [22, 46, 47]
(0, 46, 43) : [21, 22, 23]
(0, 46, 44) : [5, 6, 8]
(0, 46, 45) : [26, 27, 45]
(0, 46, 46) : [25, 26, 27]
(0, 46, 47) : [9, 17, 18]
(0, 46, 48) : [6, 7, 10]
(0, 46, 49) : [19, 20, 36]
(0, 46, 50) : [33, 35, 37]
(0, 46, 51) : [3, 31, 32]
(0, 46, 52) : [1, 3, 5]
(0, 46, 53) : [8, 19, 33]
(0, 46, 54) : [19, 33, 36]
(0, 46, 55) : [23, 29, 30]
(0, 47, 0) : [3, 5, 31]
(0, 47, 1) : [15, 20, 38]
(0, 47, 2) : [4, 5, 6]
(0, 47, 3) : [11, 14, 15]
(0, 47, 4) : [34, 41, 42]
(0, 47, 5) : [14, 16, 38]
(0, 47, 6) : [21, 22, 24]
(0, 47, 7) : [1, 2, 3]
(0, 47, 8) : [15, 17, 20]
(0, 47, 9) : [8, 18, 19]
(0, 47, 10) : [5, 8, 42]
(0, 47, 11) : [20, 36, 39]
(0, 47, 12) : [17, 18, 19]
(0, 47, 13) : [26, 30, 45]
(0, 47, 14) : [17, 19, 20]
(0, 47, 15) : [8, 33, 34]
(0, 47, 16) : [14, 15, 38]
(0, 47, 17) : [30, 44, 45]
(0, 47, 18) : [5, 27, 42]
(0, 47, 19) : [9, 10, 13]
(0, 47, 20) : [8, 34, 42]
(0, 47, 21) : [22, 23, 47]
(0, 47, 22) : [5, 27, 31]
(0, 47, 23) : [28, 29, 30]
(0, 47, 24) : [27, 42, 45]
(0, 47, 25) : [41, 42, 44]
(0, 47, 26) : [8, 9, 18]
(0, 47, 27) : [33, 35, 36]
(0, 47, 28) : [20, 38, 39]
(0, 47, 29) : [6, 8, 9]
(0, 47, 30) : [16, 38, 40]
(0, 47, 31) : [33, 34, 37]
(0, 47, 32) : [26, 27, 45]
(0, 47, 33) : [25, 26, 27]
(0, 47, 34) : [36, 39, 49]
(0, 47, 35) : [26, 28, 30]
(0, 47, 36) : [4, 6, 7]
(0, 47, 37) : [9, 13, 17]
(0, 47, 38) : [42, 44, 45]
(0, 47, 39) : [6, 7, 10]
(0, 47, 40) : [19, 20, 36]
(0, 47, 41) : [6, 9, 10]
(0, 47, 42) : [5, 6, 8]
(0, 47, 43) : [41, 43, 44]
(0, 47, 44) : [9, 17, 18]
(0, 47, 45) : [35, 36, 49]
(0, 47, 46) : [12, 14, 16]
(0, 47, 47) : [11, 12, 14]
(0, 47, 48) : [22, 46, 47]
(0, 47, 49) : [33, 35, 37]
(0, 47, 50) : [3, 31, 32]
(0, 47, 51) : [1, 3, 5]
(0, 47, 52) : [8, 19, 33]
(0, 47, 53) : [19, 33, 36]
(0, 47, 54) : [1, 4, 5]
(0, 47, 55) : [23, 29, 30]
(0, 48, 0) : [9, 17, 18]
(0, 48, 1) : [26, 28, 30]
(0, 48, 2) : [1, 4, 5]
(0, 48, 3) : [34, 41, 42]
(0, 48, 4) : [14, 16, 38]
(0, 48, 5) : [21, 22, 24]
(0, 48, 6) : [1, 2, 3]
(0, 48, 7) : [15, 17, 20]
(0, 48, 8) : [5, 6, 8]
(0, 48, 9) : [20, 36, 39]
(0, 48, 10) : [8, 18, 19]
(0, 48, 11) : [8, 9, 18]
(0, 48, 12) : [17, 19, 20]
(0, 48, 13) : [26, 30, 45]
(0, 48, 14) : [17, 18, 19]
(0, 48, 15) : [8, 33, 34]
(0, 48, 16) : [19, 33, 36]
(0, 48, 17) : [14, 15, 38]
(0, 48, 18) : [30, 44, 45]
(0, 48, 19) : [16, 38, 40]
(0, 48, 20) : [9, 10, 13]
(0, 48, 21) : [15, 20, 38]
(0, 48, 22) : [8, 34, 42]
(0, 48, 23) : [5, 27, 42]
(0, 48, 24) : [5, 27, 31]
(0, 48, 25) : [23, 29, 30]
(0, 48, 26) : [6, 7, 10]
(0, 48, 27) : [27, 42, 45]
(0, 48, 28) : [36, 39, 49]
(0, 48, 29) : [33, 35, 36]
(0, 48, 30) : [6, 8, 9]
(0, 48, 31) : [12, 14, 16]
(0, 48, 32) : [4, 6, 7]
(0, 48, 33) : [11, 14, 15]
(0, 48, 34) : [22, 23, 47]
(0, 48, 35) : [41, 42, 44]
(0, 48, 36) : [41, 43, 44]
(0, 48, 37) : [35, 36, 49]
(0, 48, 38) : [22, 46, 47]
(0, 48, 39) : [33, 34, 37]
(0, 48, 40) : [21, 22, 23]
(0, 48, 41) : [26, 27, 45]
(0, 48, 42) : [25, 26, 27]
(0, 48, 43) : [28, 29, 30]
(0, 48, 44) : [42, 44, 45]
(0, 48, 45) : [9, 13, 17]
(0, 48, 46) : [20, 38, 39]
(0, 48, 47) : [33, 35, 37]
(0, 48, 48) : [6, 9, 10]
(0, 48, 49) : [19, 20, 36]
(0, 48, 50) : [3, 31, 32]
(0, 48, 51) : [4, 5, 6]
(0, 48, 52) : [1, 3, 5]
(0, 48, 53) : [3, 5, 31]
(0, 48, 54) : [11, 12, 14]
(0, 48, 55) : [5, 8, 42]
(0, 49, 0) : [11, 14, 15]
(0, 49, 1) : [3, 5, 31]
(0, 49, 2) : [4, 5, 6]
(0, 49, 3) : [1, 4, 5]
(0, 49, 4) : [34, 41, 42]
(0, 49, 5) : [14, 16, 38]
(0, 49, 6) : [21, 22, 24]
(0, 49, 7) : [1, 2, 3]
(0, 49, 8) : [15, 17, 20]
(0, 49, 9) : [8, 18, 19]
(0, 49, 10) : [5, 8, 42]
(0, 49, 11) : [20, 36, 39]
(0, 49, 12) : [26, 30, 45]
(0, 49, 13) : [17, 18, 19]
(0, 49, 14) : [5, 6, 8]
(0, 49, 15) : [8, 9, 18]
(0, 49, 16) : [8, 33, 34]
(0, 49, 17) : [17, 19, 20]
(0, 49, 18) : [14, 15, 38]
(0, 49, 19) : [30, 44, 45]
(0, 49, 20) : [5, 27, 42]
(0, 49, 21) : [15, 20, 38]
(0, 49, 22) : [9, 10, 13]
(0, 49, 23) : [8, 34, 42]
(0, 49, 24) : [22, 23, 47]
(0, 49, 25) : [5, 27, 31]
(0, 49, 26) : [28, 29, 30]
(0, 49, 27) : [27, 42, 45]
(0, 49, 28) : [41, 42, 44]
(0, 49, 29) : [33, 35, 36]
(0, 49, 30) : [20, 38, 39]
(0, 49, 31) : [6, 8, 9]
(0, 49, 32) : [16, 38, 40]
(0, 49, 33) : [33, 34, 37]
(0, 49, 34) : [26, 27, 45]
(0, 49, 35) : [25, 26, 27]
(0, 49, 36) : [36, 39, 49]
(0, 49, 37) : [26, 28, 30]
(0, 49, 38) : [4, 6, 7]
(0, 49, 39) : [9, 13, 17]
(0, 49, 40) : [42, 44, 45]
(0, 49, 41) : [6, 7, 10]
(0, 49, 42) : [19, 20, 36]
(0, 49, 43) : [6, 9, 10]
(0, 49, 44) : [11, 12, 14]
(0, 49, 45) : [41, 43, 44]
(0, 49, 46) : [9, 17, 18]
(0, 49, 47) : [35, 36, 49]
(0, 49, 48) : [22, 46, 47]
(0, 49, 49) : [21, 22, 23]
(0, 49, 50) : [1, 3, 5]
(0, 49, 51) : [8, 19, 33]
(0, 49, 52) : [33, 35, 37]
(0, 49, 53) : [3, 31, 32]
(0, 49, 54) : [19, 33, 36]
(0, 49, 55) : [23, 29, 30]
(0, 50, 0) : [11, 14, 15]
(0, 50, 1) : [3, 5, 31]
(0, 50, 2) : [4, 5, 6]
(0, 50, 3) : [1, 4, 5]
(0, 50, 4) : [34, 41, 42]
(0, 50, 5) : [14, 16, 38]
(0, 50, 6) : [21, 22, 24]
(0, 50, 7) : [1, 2, 3]
(0, 50, 8) : [15, 17, 20]
(0, 50, 9) : [8, 18, 19]
(0, 50, 10) : [5, 8, 42]
(0, 50, 11) : [20, 36, 39]
(0, 50, 12) : [17, 18, 19]
(0, 50, 13) : [26, 30, 45]
(0, 50, 14) : [5, 6, 8]
(0, 50, 15) : [8, 9, 18]
(0, 50, 16) : [8, 33, 34]
(0, 50, 17) : [17, 19, 20]
(0, 50, 18) : [14, 15, 38]
(0, 50, 19) : [30, 44, 45]
(0, 50, 20) : [5, 27, 42]
(0, 50, 21) : [15, 20, 38]
(0, 50, 22) : [9, 10, 13]
(0, 50, 23) : [8, 34, 42]
(0, 50, 24) : [22, 23, 47]
(0, 50, 25) : [5, 27, 31]
(0, 50, 26) : [28, 29, 30]
(0, 50, 27) : [27, 42, 45]
(0, 50, 28) : [41, 42, 44]
(0, 50, 29) : [33, 35, 36]
(0, 50, 30) : [20, 38, 39]
(0, 50, 31) : [6, 8, 9]
(0, 50, 32) : [16, 38, 40]
(0, 50, 33) : [33, 34, 37]
(0, 50, 34) : [26, 27, 45]
(0, 50, 35) : [25, 26, 27]
(0, 50, 36) : [36, 39, 49]
(0, 50, 37) : [26, 28, 30]
(0, 50, 38) : [4, 6, 7]
(0, 50, 39) : [9, 13, 17]
(0, 50, 40) : [42, 44, 45]
(0, 50, 41) : [6, 7, 10]
(0, 50, 42) : [19, 20, 36]
(0, 50, 43) : [6, 9, 10]
(0, 50, 44) : [12, 14, 16]
(0, 50, 45) : [41, 43, 44]
(0, 50, 46) : [9, 17, 18]
(0, 50, 47) : [35, 36, 49]
(0, 50, 48) : [22, 46, 47]
(0, 50, 49) : [21, 22, 23]
(0, 50, 50) : [1, 3, 5]
(0, 50, 51) : [8, 19, 33]
(0, 50, 52) : [33, 35, 37]
(0, 50, 53) : [3, 31, 32]
(0, 50, 54) : [19, 33, 36]
(0, 50, 55) : [23, 29, 30]
(0, 51, 0) : [11, 14, 15]
(0, 51, 1) : [3, 5, 31]
(0, 51, 2) : [4, 5, 6]
(0, 51, 3) : [1, 4, 5]
(0, 51, 4) : [34, 41, 42]
(0, 51, 5) : [14, 16, 38]
(0, 51, 6) : [21, 22, 24]
(0, 51, 7) : [1, 2, 3]
(0, 51, 8) : [15, 17, 20]
(0, 51, 9) : [8, 18, 19]
(0, 51, 10) : [5, 8, 42]
(0, 51, 11) : [20, 36, 39]
(0, 51, 12) : [17, 18, 19]
(0, 51, 13) : [26, 30, 45]
(0, 51, 14) : [5, 6, 8]
(0, 51, 15) : [8, 9, 18]
(0, 51, 16) : [8, 33, 34]
(0, 51, 17) : [17, 19, 20]
(0, 51, 18) : [14, 15, 38]
(0, 51, 19) : [30, 44, 45]
(0, 51, 20) : [5, 27, 42]
(0, 51, 21) : [15, 20, 38]
(0, 51, 22) : [9, 10, 13]
(0, 51, 23) : [8, 34, 42]
(0, 51, 24) : [22, 23, 47]
(0, 51, 25) : [5, 27, 31]
(0, 51, 26) : [28, 29, 30]
(0, 51, 27) : [27, 42, 45]
(0, 51, 28) : [41, 42, 44]
(0, 51, 29) : [33, 35, 36]
(0, 51, 30) : [20, 38, 39]
(0, 51, 31) : [6, 8, 9]
(0, 51, 32) : [16, 38, 40]
(0, 51, 33) : [33, 34, 37]
(0, 51, 34) : [26, 27, 45]
(0, 51, 35) : [25, 26, 27]
(0, 51, 36) : [36, 39, 49]
(0, 51, 37) : [26, 28, 30]
(0, 51, 38) : [4, 6, 7]
(0, 51, 39) : [9, 13, 17]
(0, 51, 40) : [42, 44, 45]
(0, 51, 41) : [6, 7, 10]
(0, 51, 42) : [19, 20, 36]
(0, 51, 43) : [6, 9, 10]
(0, 51, 44) : [41, 43, 44]
(0, 51, 45) : [9, 17, 18]
(0, 51, 46) : [35, 36, 49]
(0, 51, 47) : [22, 46, 47]
(0, 51, 48) : [21, 22, 23]
(0, 51, 49) : [1, 3, 5]
(0, 51, 50) : [8, 19, 33]
(0, 51, 51) : [12, 14, 16]
(0, 51, 52) : [11, 12, 14]
(0, 51, 53) : [3, 31, 32]
(0, 51, 54) : [19, 33, 36]
(0, 51, 55) : [23, 29, 30]
(0, 52, 0) : [17, 18, 19]
(0, 52, 1) : [28, 29, 30]
(0, 52, 2) : [26, 28, 30]
(0, 52, 3) : [21, 22, 24]
(0, 52, 4) : [1, 2, 3]
(0, 52, 5) : [15, 17, 20]
(0, 52, 6) : [8, 18, 19]
(0, 52, 7) : [26, 27, 45]
(0, 52, 8) : [30, 44, 45]
(0, 52, 9) : [20, 38, 39]
(0, 52, 10) : [17, 19, 20]
(0, 52, 11) : [19, 20, 36]
(0, 52, 12) : [34, 41, 42]
(0, 52, 13) : [41, 42, 44]
(0, 52, 14) : [8, 19, 33]
(0, 52, 15) : [26, 30, 45]
(0, 52, 16) : [15, 20, 38]
(0, 52, 17) : [5, 8, 42]
(0, 52, 18) : [42, 44, 45]
(0, 52, 19) : [6, 8, 9]
(0, 52, 20) : [36, 39, 49]
(0, 52, 21) : [9, 17, 18]
(0, 52, 22) : [3, 5, 31]
(0, 52, 23) : [41, 43, 44]
(0, 52, 24) : [20, 36, 39]
(0, 52, 25) : [11, 14, 15]
(0, 52, 26) : [12, 14, 16]
(0, 52, 27) : [21, 22, 23]
(0, 52, 28) : [4, 5, 6]
(0, 52, 29) : [8, 9, 18]
(0, 52, 30) : [1, 4, 5]
(0, 52, 31) : [14, 16, 38]
(0, 52, 32) : [5, 6, 8]
(0, 52, 33) : [14, 15, 38]
(0, 52, 34) : [16, 38, 40]
(0, 52, 35) : [23, 29, 30]
(0, 52, 36) : [33, 35, 36]
(0, 52, 37) : [11, 12, 14]
(0, 52, 38) : [19, 33, 36]
(0, 52, 39) : [5, 27, 42]
(0, 52, 40) : [1, 3, 5]
(0, 52, 41) : [22, 23, 47]
(0, 52, 42) : [8, 34, 42]
(0, 52, 43) : [35, 36, 49]
(0, 52, 44) : [22, 46, 47]
(0, 52, 45) : [4, 6, 7]
(0, 52, 46) : [33, 34, 37]
(0, 52, 47) : [25, 26, 27]
(0, 52, 48) : [6, 9, 10]
(0, 52, 49) : [9, 10, 13]
(0, 52, 50) : [9, 13, 17]
(0, 52, 51) : [6, 7, 10]
(0, 52, 52) : [33, 35, 37]
(0, 52, 53) : [27, 42, 45]
(0, 52, 54) : [5, 27, 31]
(0, 52, 55) : [8, 33, 34]
(0, 53, 0) : [11, 14, 15]
(0, 53, 1) : [3, 5, 31]
(0, 53, 2) : [4, 5, 6]
(0, 53, 3) : [1, 4, 5]
(0, 53, 4) : [34, 41, 42]
(0, 53, 5) : [14, 16, 38]
(0, 53, 6) : [21, 22, 24]
(0, 53, 7) : [1, 2, 3]
(0, 53, 8) : [15, 17, 20]
(0, 53, 9) : [8, 18, 19]
(0, 53, 10) : [5, 8, 42]
(0, 53, 11) : [20, 36, 39]
(0, 53, 12) : [8, 9, 18]
(0, 53, 13) : [17, 19, 20]
(0, 53, 14) : [26, 30, 45]
(0, 53, 15) : [5, 6, 8]
(0, 53, 16) : [17, 18, 19]
(0, 53, 17) : [8, 33, 34]
(0, 53, 18) : [14, 15, 38]
(0, 53, 19) : [30, 44, 45]
(0, 53, 20) : [5, 27, 42]
(0, 53, 21) : [15, 20, 38]
(0, 53, 22) : [9, 10, 13]
(0, 53, 23) : [8, 34, 42]
(0, 53, 24) : [22, 23, 47]
(0, 53, 25) : [5, 27, 31]
(0, 53, 26) : [28, 29, 30]
(0, 53, 27) : [27, 42, 45]
(0, 53, 28) : [41, 42, 44]
(0, 53, 29) : [33, 35, 36]
(0, 53, 30) : [22, 46, 47]
(0, 53, 31) : [6, 8, 9]
(0, 53, 32) : [26, 27, 45]
(0, 53, 33) : [25, 26, 27]
(0, 53, 34) : [36, 39, 49]
(0, 53, 35) : [26, 28, 30]
(0, 53, 36) : [4, 6, 7]
(0, 53, 37) : [33, 34, 37]
(0, 53, 38) : [16, 38, 40]
(0, 53, 39) : [12, 14, 16]
(0, 53, 40) : [11, 12, 14]
(0, 53, 41) : [35, 36, 49]
(0, 53, 42) : [42, 44, 45]
(0, 53, 43) : [9, 17, 18]
(0, 53, 44) : [20, 38, 39]
(0, 53, 45) : [6, 9, 10]
(0, 53, 46) : [6, 7, 10]
(0, 53, 47) : [1, 3, 5]
(0, 53, 48) : [41, 43, 44]
(0, 53, 49) : [9, 13, 17]
(0, 53, 50) : [21, 22, 23]
(0, 53, 51) : [33, 35, 37]
(0, 53, 52) : [19, 20, 36]
(0, 53, 53) : [3, 31, 32]
(0, 53, 54) : [8, 19, 33]
(0, 53, 55) : [23, 29, 30]
(0, 54, 0) : [3, 5, 31]
(0, 54, 1) : [4, 5, 6]
(0, 54, 2) : [11, 14, 15]
(0, 54, 3) : [34, 41, 42]
(0, 54, 4) : [14, 16, 38]
(0, 54, 5) : [21, 22, 24]
(0, 54, 6) : [1, 2, 3]
(0, 54, 7) : [15, 17, 20]
(0, 54, 8) : [8, 18, 19]
(0, 54, 9) : [5, 8, 42]
(0, 54, 10) : [20, 36, 39]
(0, 54, 11) : [17, 18, 19]
(0, 54, 12) : [26, 30, 45]
(0, 54, 13) : [5, 6, 8]
(0, 54, 14) : [8, 9, 18]
(0, 54, 15) : [8, 33, 34]
(0, 54, 16) : [17, 19, 20]
(0, 54, 17) : [14, 15, 38]
(0, 54, 18) : [30, 44, 45]
(0, 54, 19) : [5, 27, 42]
(0, 54, 20) : [15, 20, 38]
(0, 54, 21) : [9, 10, 13]
(0, 54, 22) : [8, 34, 42]
(0, 54, 23) : [22, 23, 47]
(0, 54, 24) : [5, 27, 31]
(0, 54, 25) : [28, 29, 30]
(0, 54, 26) : [27, 42, 45]
(0, 54, 27) : [41, 42, 44]
(0, 54, 28) : [33, 35, 36]
(0, 54, 29) : [20, 38, 39]
(0, 54, 30) : [6, 8, 9]
(0, 54, 31) : [16, 38, 40]
(0, 54, 32) : [33, 34, 37]
(0, 54, 33) : [26, 27, 45]
(0, 54, 34) : [25, 26, 27]
(0, 54, 35) : [36, 39, 49]
(0, 54, 36) : [26, 28, 30]
(0, 54, 37) : [4, 6, 7]
(0, 54, 38) : [9, 13, 17]
(0, 54, 39) : [42, 44, 45]
(0, 54, 40) : [6, 7, 10]
(0, 54, 41) : [19, 20, 36]
(0, 54, 42) : [6, 9, 10]
(0, 54, 43) : [41, 43, 44]
(0, 54, 44) : [9, 17, 18]
(0, 54, 45) : [35, 36, 49]
(0, 54, 46) : [12, 14, 16]
(0, 54, 47) : [11, 12, 14]
(0, 54, 48) : [1, 4, 5]
(0, 54, 49) : [22, 46, 47]
(0, 54, 50) : [33, 35, 37]
(0, 54, 51) : [8, 19, 33]
(0, 54, 52) : [3, 31, 32]
(0, 54, 53) : [1, 3, 5]
(0, 54, 54) : [21, 22, 23]
(0, 54, 55) : [19, 33, 36]
(0, 55, 0) : [11, 14, 15]
(0, 55, 1) : [35, 36, 49]
(0, 55, 2) : [3, 5, 31]
(0, 55, 3) : [4, 5, 6]
(0, 55, 4) : [1, 4, 5]
(0, 55, 5) : [34, 41, 42]
(0, 55, 6) : [14, 16, 38]
(0, 55, 7) : [21, 22, 24]
(0, 55, 8) : [1, 2, 3]
(0, 55, 9) : [15, 17, 20]
(0, 55, 10) : [21, 22, 23]
(0, 55, 11) : [8, 18, 19]
(0, 55, 12) : [5, 8, 42]
(0, 55, 13) : [20, 36, 39]
(0, 55, 14) : [19, 20, 36]
(0, 55, 15) : [17, 18, 19]
(0, 55, 16) : [8, 33, 34]
(0, 55, 17) : [17, 19, 20]
(0, 55, 18) : [14, 15, 38]
(0, 55, 19) : [5, 27, 31]
(0, 55, 20) : [5, 27, 42]
(0, 55, 21) : [15, 20, 38]
(0, 55, 22) : [9, 10, 13]
(0, 55, 23) : [8, 34, 42]
(0, 55, 24) : [22, 23, 47]
(0, 55, 25) : [28, 29, 30]
(0, 55, 26) : [27, 42, 45]
(0, 55, 27) : [41, 42, 44]
(0, 55, 28) : [42, 44, 45]
(0, 55, 29) : [8, 9, 18]
(0, 55, 30) : [33, 35, 36]
(0, 55, 31) : [20, 38, 39]
(0, 55, 32) : [6, 8, 9]
(0, 55, 33) : [26, 30, 45]
(0, 55, 34) : [16, 38, 40]
(0, 55, 35) : [33, 34, 37]
(0, 55, 36) : [26, 27, 45]
(0, 55, 37) : [25, 26, 27]
(0, 55, 38) : [6, 9, 10]
(0, 55, 39) : [36, 39, 49]
(0, 55, 40) : [26, 28, 30]
(0, 55, 41) : [4, 6, 7]
(0, 55, 42) : [9, 13, 17]
(0, 55, 43) : [41, 43, 44]
(0, 55, 44) : [8, 19, 33]
(0, 55, 45) : [5, 6, 8]
(0, 55, 46) : [9, 17, 18]
(0, 55, 47) : [12, 14, 16]
(0, 55, 48) : [22, 46, 47]
(0, 55, 49) : [6, 7, 10]
(0, 55, 50) : [1, 3, 5]
(0, 55, 51) : [33, 35, 37]
(0, 55, 52) : [11, 12, 14]
(0, 55, 53) : [3, 31, 32]
(0, 55, 54) : [19, 33, 36]
(0, 55, 55) : [23, 29, 30]
(0, 56, 0) : [4, 6, 7]
(0, 56, 1) : [4, 5, 6]
(0, 56, 2) : [26, 30, 45]
(0, 56, 3) : [1, 2, 3]
(0, 56, 4) : [15, 17, 20]
(0, 56, 5) : [1, 3, 5]
(0, 56, 6) : [8, 18, 19]
(0, 56, 7) : [5, 6, 8]
(0, 56, 8) : [5, 8, 42]
(0, 56, 9) : [20, 36, 39]
(0, 56, 10) : [15, 20, 38]
(0, 56, 11) : [42, 44, 45]
(0, 56, 12) : [41, 42, 44]
(0, 56, 13) : [14, 15, 38]
(0, 56, 14) : [20, 38, 39]
(0, 56, 15) : [19, 20, 36]
(0, 56, 16) : [11, 14, 15]
(0, 56, 17) : [26, 28, 30]
(0, 56, 18) : [36, 39, 49]
(0, 56, 19) : [27, 42, 45]
(0, 56, 20) : [19, 33, 36]
(0, 56, 21) : [1, 4, 5]
(0, 56, 22) : [23, 29, 30]
(0, 56, 23) : [33, 35, 37]
(0, 56, 24) : [17, 19, 20]
(0, 56, 25) : [30, 44, 45]
(0, 56, 26) : [6, 7, 10]
(0, 56, 27) : [22, 46, 47]
(0, 56, 28) : [21, 22, 23]
(0, 56, 29) : [8, 33, 34]
(0, 56, 30) : [22, 23, 47]
(0, 56, 31) : [5, 27, 42]
(0, 56, 32) : [8, 19, 33]
(0, 56, 33) : [6, 9, 10]
(0, 56, 34) : [12, 14, 16]
(0, 56, 35) : [14, 16, 38]
(0, 56, 36) : [5, 27, 31]
(0, 56, 37) : [3, 5, 31]
(0, 56, 38) : [11, 12, 14]
(0, 56, 39) : [33, 35, 36]
(0, 56, 40) : [41, 43, 44]
(0, 56, 41) : [34, 41, 42]
(0, 56, 42) : [8, 9, 18]
(0, 56, 43) : [8, 34, 42]
(0, 56, 44) : [26, 27, 45]
(0, 56, 45) : [3, 31, 32]
(0, 56, 46) : [17, 18, 19]
(0, 56, 47) : [9, 13, 17]
(0, 56, 48) : [35, 36, 49]
(0, 56, 49) : [6, 8, 9]
(0, 56, 50) : [25, 26, 27]
(0, 56, 51) : [16, 38, 40]
(0, 56, 52) : [33, 34, 37]
(0, 56, 53) : [9, 10, 13]
(0, 56, 54) : [28, 29, 30]
(0, 56, 55) : [9, 17, 18]
