Dict_of_clique_size_combinations:
(3, 2) : 276

Solution Time:
8.01563286781311

X_history_database:
(0, 0) : [93, 126, 128]
(0, 0, 0) : [241, 268]
(0, 0, 1) : [246, 277]
(0, 0, 2) : [74, 76]
(0, 0, 3) : [218, 219]
(0, 0, 4) : [31, 32]
(0, 0, 5) : [3, 5]
(0, 0, 6) : [77, 91]
(0, 0, 7) : [94, 98]
(0, 0, 8) : [207, 208]
(0, 0, 9) : [2, 4]
(0, 0, 10) : [290, 291]
(0, 0, 11) : [3, 4]
(0, 0, 12) : [1, 3]
(0, 0, 13) : [128, 141]
(0, 0, 14) : [128, 139]
(0, 0, 15) : [128, 142]
(0, 0, 16) : [97, 126]
(0, 0, 17) : [139, 157]
(0, 0, 18) : [97, 168]
(0, 0, 19) : [140, 157]
(0, 0, 20) : [97, 157]
(0, 0, 21) : [81, 93]
(0, 0, 22) : [91, 97]
(0, 0, 23) : [140, 156]
(0, 0, 24) : [126, 137]
(0, 0, 25) : [20, 22]
(0, 0, 26) : [26, 30]
(0, 0, 27) : [126, 138]
(0, 0, 28) : [135, 152]
(0, 0, 29) : [197, 198]
(0, 0, 30) : [201, 202]
(0, 0, 31) : [203, 204]
(0, 0, 32) : [220, 221]
(0, 0, 33) : [93, 118]
(0, 0, 34) : [118, 136]
(0, 0, 35) : [226, 227]
(0, 0, 36) : [173, 176]
(0, 0, 37) : [20, 21]
(0, 0, 38) : [194, 196]
(0, 0, 39) : [26, 27]
(0, 0, 40) : [26, 28]
(0, 0, 41) : [26, 29]
(0, 0, 42) : [67, 71]
(0, 0, 43) : [67, 69]
(0, 0, 44) : [67, 72]
(0, 0, 45) : [77, 92]
(0, 0, 46) : [92, 105]
(0, 0, 47) : [92, 104]
(0, 0, 48) : [92, 107]
(0, 0, 49) : [91, 96]
(0, 0, 50) : [94, 99]
(0, 0, 51) : [94, 101]
(0, 0, 52) : [94, 102]
(0, 0, 53) : [77, 81]
(0, 0, 54) : [97, 125]
(0, 0, 55) : [77, 80]
(0, 0, 56) : [77, 90]
(0, 0, 57) : [97, 169]
(0, 0, 58) : [97, 172]
(0, 0, 59) : [35, 36]
(0, 0, 60) : [36, 40]
(0, 0, 61) : [36, 48]
(0, 0, 62) : [36, 49]
(0, 0, 63) : [67, 70]
(0, 0, 64) : [36, 47]
(0, 0, 65) : [36, 46]
(0, 0, 66) : [36, 45]
(0, 0, 67) : [36, 44]
(0, 0, 68) : [36, 43]
(0, 0, 69) : [36, 41]
(0, 0, 70) : [180, 188]
(0, 0, 71) : [180, 190]
(0, 0, 72) : [180, 189]
(0, 0, 73) : [180, 187]
(0, 0, 74) : [178, 180]
(0, 0, 75) : [180, 185]
(0, 0, 76) : [180, 184]
(0, 0, 77) : [180, 183]
(0, 0, 78) : [180, 182]
(0, 0, 79) : [180, 181]
(0, 0, 80) : [180, 186]
(0, 0, 81) : [94, 100]
(0, 0, 82) : [140, 158]
(0, 0, 83) : [140, 155]
(0, 0, 84) : [133, 140]
(0, 0, 85) : [132, 140]
(0, 0, 86) : [131, 140]
(0, 0, 87) : [130, 140]
(0, 0, 88) : [129, 140]
(0, 0, 89) : [194, 195]
(0, 0, 90) : [4, 14]
(0, 0, 91) : [4, 13]
(0, 0, 92) : [4, 12]
(0, 0, 93) : [4, 11]
(0, 0, 94) : [4, 10]
(0, 0, 95) : [4, 9]
(0, 0, 96) : [4, 8]
(0, 0, 97) : [4, 7]
(0, 0, 98) : [4, 6]
(0, 0, 99) : [91, 95]
(0, 0, 100) : [67, 68]
(0, 0, 101) : [20, 24]
(0, 0, 102) : [20, 23]
(0, 0, 103) : [97, 171]
(0, 0, 104) : [36, 42]
(0, 0, 105) : [77, 87]
(0, 0, 106) : [97, 164]
(0, 0, 107) : [93, 110]
(0, 0, 108) : [93, 133]
(0, 0, 109) : [14, 20]
(0, 0, 110) : [93, 132]
(0, 0, 111) : [93, 131]
(0, 0, 112) : [93, 130]
(0, 0, 113) : [93, 129]
(0, 0, 114) : [93, 127]
(0, 0, 115) : [93, 125]
(0, 0, 116) : [93, 124]
(0, 0, 117) : [93, 123]
(0, 0, 118) : [93, 122]
(0, 0, 119) : [93, 134]
(0, 0, 120) : [97, 170]
(0, 0, 121) : [77, 79]
(0, 0, 122) : [77, 86]
(0, 0, 123) : [97, 163]
(0, 0, 124) : [88, 94]
(0, 0, 125) : [13, 16]
(0, 0, 126) : [13, 15]
(0, 0, 127) : [242, 276]
(0, 0, 128) : [276, 281]
(0, 0, 129) : [276, 282]
(0, 0, 130) : [276, 286]
(0, 0, 131) : [276, 285]
(0, 0, 132) : [276, 284]
(0, 0, 133) : [276, 283]
(0, 0, 134) : [77, 78]
(0, 0, 135) : [77, 85]
(0, 0, 136) : [97, 162]
(0, 0, 137) : [131, 139]
(0, 0, 138) : [139, 160]
(0, 0, 139) : [36, 39]
(0, 0, 140) : [139, 159]
(0, 0, 141) : [129, 139]
(0, 0, 142) : [127, 139]
(0, 0, 143) : [75, 77]
(0, 0, 144) : [77, 84]
(0, 0, 145) : [97, 161]
(0, 0, 146) : [97, 167]
(0, 0, 147) : [92, 106]
(0, 0, 148) : [16, 18]
(0, 0, 149) : [16, 19]
(0, 0, 150) : [16, 17]
(0, 0, 151) : [36, 38]
(0, 0, 152) : [25, 26]
(0, 0, 153) : [77, 83]
(0, 0, 154) : [77, 89]
(0, 0, 155) : [97, 166]
(0, 0, 156) : [93, 116]
(0, 0, 157) : [135, 140]
(0, 0, 158) : [93, 135]
(0, 0, 159) : [135, 150]
(0, 0, 160) : [135, 151]
(0, 0, 161) : [135, 154]
(0, 0, 162) : [135, 153]
(0, 0, 163) : [135, 149]
(0, 0, 164) : [135, 148]
(0, 0, 165) : [36, 37]
(0, 0, 166) : [93, 109]
(0, 0, 167) : [93, 115]
(0, 0, 168) : [1, 2]
(0, 0, 169) : [93, 112]
(0, 0, 170) : [93, 114]
(0, 0, 171) : [77, 82]
(0, 0, 172) : [93, 108]
(0, 0, 173) : [93, 113]
(0, 0, 174) : [93, 111]
(0, 0, 175) : [77, 88]
(0, 0, 176) : [93, 121]
(0, 0, 177) : [93, 120]
(0, 0, 178) : [73, 74]
(0, 0, 179) : [93, 117]
(0, 0, 180) : [93, 119]
(0, 0, 181) : [97, 165]
(0, 0, 182) : [67, 73]
(0, 0, 183) : [278, 289]
(0, 0, 184) : [199, 200]
(0, 0, 185) : [50, 51]
(0, 0, 186) : [63, 64]
(0, 0, 187) : [214, 216]
(0, 0, 188) : [134, 146]
(0, 0, 189) : [280, 287]
(0, 0, 190) : [179, 181]
(0, 0, 191) : [268, 280]
(0, 0, 192) : [209, 210]
(0, 0, 193) : [169, 175]
(0, 0, 194) : [169, 174]
(0, 0, 195) : [189, 191]
(0, 0, 196) : [191, 192]
(0, 0, 197) : [59, 61]
(0, 0, 198) : [241, 275]
(0, 0, 199) : [230, 239]
(0, 0, 200) : [230, 235]
(0, 0, 201) : [230, 233]
(0, 0, 202) : [230, 236]
(0, 0, 203) : [230, 240]
(0, 0, 204) : [230, 234]
(0, 0, 205) : [241, 246]
(0, 0, 206) : [241, 252]
(0, 0, 207) : [241, 258]
(0, 0, 208) : [241, 264]
(0, 0, 209) : [241, 270]
(0, 0, 210) : [241, 245]
(0, 0, 211) : [241, 251]
(0, 0, 212) : [241, 257]
(0, 0, 213) : [241, 263]
(0, 0, 214) : [241, 269]
(0, 0, 215) : [241, 244]
(0, 0, 216) : [241, 250]
(0, 0, 217) : [241, 256]
(0, 0, 218) : [241, 262]
(0, 0, 219) : [241, 274]
(0, 0, 220) : [241, 243]
(0, 0, 221) : [241, 249]
(0, 0, 222) : [241, 255]
(0, 0, 223) : [241, 261]
(0, 0, 224) : [241, 267]
(0, 0, 225) : [241, 273]
(0, 0, 226) : [241, 242]
(0, 0, 227) : [241, 248]
(0, 0, 228) : [241, 254]
(0, 0, 229) : [241, 260]
(0, 0, 230) : [241, 266]
(0, 0, 231) : [241, 272]
(0, 0, 232) : [128, 140]
(0, 0, 233) : [241, 271]
(0, 0, 234) : [241, 265]
(0, 0, 235) : [222, 223]
(0, 0, 236) : [241, 247]
(0, 0, 237) : [241, 253]
(0, 0, 238) : [241, 259]
(0, 0, 239) : [59, 62]
(0, 0, 240) : [230, 238]
(0, 0, 241) : [188, 191]
(0, 0, 242) : [228, 229]
(0, 0, 243) : [59, 60]
(0, 0, 244) : [214, 215]
(0, 0, 245) : [251, 278]
(0, 0, 246) : [252, 278]
(0, 0, 247) : [54, 55]
(0, 0, 248) : [56, 57]
(0, 0, 249) : [168, 173]
(0, 0, 250) : [52, 53]
(0, 0, 251) : [230, 237]
(0, 0, 252) : [177, 178]
(0, 0, 253) : [33, 34]
(0, 0, 254) : [73, 75]
(0, 0, 255) : [134, 144]
(0, 0, 256) : [178, 179]
(0, 0, 257) : [193, 194]
(0, 0, 258) : [91, 94]
(0, 0, 259) : [96, 103]
(0, 0, 260) : [65, 66]
(0, 0, 261) : [134, 143]
(0, 0, 262) : [134, 145]
(0, 0, 263) : [58, 59]
(0, 0, 264) : [230, 231]
(0, 0, 265) : [224, 225]
(0, 0, 266) : [287, 288]
(0, 0, 267) : [252, 279]
(0, 0, 268) : [190, 191]
(0, 0, 269) : [213, 214]
(0, 0, 270) : [134, 147]
(0, 0, 271) : [216, 217]
(0, 0, 272) : [211, 212]
(0, 0, 273) : [205, 206]
(0, 0, 274) : [230, 232]
(0, 0, 275) : [279, 290]
