Dict_of_clique_size_combinations:
(7, 5) : 9

Solution Time:
4068.219696998596

X_history_database:
(0, 0) : [826, 1031, 1098, 1140, 1571, 1572, 1674]
(0, 0, 0) : [254, 348, 375, 578, 1156]
(0, 0, 1) : [869, 1031, 1098, 1571, 1572]
(0, 0, 2) : [265, 937, 948, 1257, 1667]
(0, 0, 3) : [44, 130, 335, 361, 362]
(0, 0, 4) : [265, 338, 948, 1257, 1667]
(0, 0, 5) : [254, 348, 375, 578, 1090]
(0, 0, 6) : [130, 335, 361, 362, 703]
(0, 0, 7) : [338, 948, 1158, 1257, 1667]
(0, 0, 8) : [254, 348, 578, 1090, 1191]
