dict_of_clique_size_combinations:
(9, 6) : 10
(9, 7) : 2

Solution Time:
88.8983268737793

W:
(0, 0) : {65, 3, 67, 68, 11, 16, 18, 117, 187}
(0, 1) : {65, 3, 68, 167, 11, 16, 18, 314, 187}
(0, 2) : {65, 193, 3, 68, 167, 11, 16, 18, 187}
(0, 3) : {193, 3, 102, 103, 11, 300, 16, 49, 345}
(0, 4) : {65, 3, 67, 68, 11, 16, 18, 314, 187}
(0, 5) : {32, 193, 3, 102, 103, 11, 16, 49, 345}
(0, 0, 0) : {193, 294, 167, 300, 49, 350}
(0, 0, 1) : {193, 102, 103, 300, 49, 345}
(0, 0, 2) : {32, 193, 102, 103, 49, 345}
(0, 1, 0) : {128, 67, 4, 6, 103, 140}
(0, 1, 1) : {32, 193, 102, 103, 49, 345}
(0, 1, 2) : {193, 102, 103, 300, 49, 345}
(0, 2, 0) : {128, 67, 4, 6, 103, 140}
(0, 3, 0) : {65, 67, 4, 68, 6, 187, 63}
(0, 4, 0) : {193, 102, 103, 300, 49, 345}
(0, 4, 1) : {32, 193, 102, 103, 49, 345}
(0, 4, 2) : {193, 294, 167, 300, 49, 350}
(0, 5, 0) : {65, 67, 4, 68, 6, 187, 63}

Z:
(0, 0, 0) : (9, 6)
(0, 0, 1) : (9, 6)
(0, 0, 2) : (9, 6)
(0, 1, 0) : (9, 6)
(0, 1, 1) : (9, 6)
(0, 1, 2) : (9, 6)
(0, 2, 0) : (9, 6)
(0, 3, 0) : (9, 7)
(0, 4, 0) : (9, 6)
(0, 4, 1) : (9, 6)
(0, 4, 2) : (9, 6)
(0, 5, 0) : (9, 7)
