dict_of_clique_size_combinations:
(7, 5) : 8

Solution Time:
3684.829138994217

W:
(0, 0) : {1571, 1572, 1031, 1098, 1674, 1140, 826}
(0, 0, 0) : {1667, 265, 937, 1257, 948}
(0, 0, 1) : {1667, 265, 1257, 338, 948}
(0, 0, 2) : {578, 1156, 375, 348, 254}
(0, 0, 3) : {578, 1090, 1191, 348, 254}
(0, 0, 4) : {578, 1090, 375, 348, 254}
(0, 0, 5) : {1667, 1158, 1257, 338, 948}
(0, 0, 6) : {130, 361, 362, 335, 703}
(0, 0, 7) : {130, 361, 362, 44, 335}

Z:
(0, 0, 0) : (7, 5)
(0, 0, 1) : (7, 5)
(0, 0, 2) : (7, 5)
(0, 0, 3) : (7, 5)
(0, 0, 4) : (7, 5)
(0, 0, 5) : (7, 5)
(0, 0, 6) : (7, 5)
(0, 0, 7) : (7, 5)
