dict_of_clique_size_combinations:
(6, 6) : 4
(6, 5) : 2

Solution Time:
0.19582366943359375

W:
(0, 0) : {1, 2, 3, 5, 6, 7}
(0, 1) : {7, 8, 10, 11, 12, 13}
(0, 2) : {1, 3, 4, 5, 6, 7}
(0, 3) : {8, 10, 11, 12, 13, 14}
(0, 0, 0) : {8, 10, 11, 12, 13, 14}
(0, 1, 0) : {1, 2, 3, 5, 6}
(0, 1, 1) : {1, 3, 4, 5, 6}
(0, 2, 0) : {8, 10, 11, 12, 13, 14}
(0, 3, 0) : {1, 2, 3, 5, 6, 7}
(0, 3, 1) : {1, 3, 4, 5, 6, 7}

Z:
(0, 0, 0) : (6, 6)
(0, 1, 0) : (6, 5)
(0, 1, 1) : (6, 5)
(0, 2, 0) : (6, 6)
(0, 3, 0) : (6, 6)
(0, 3, 1) : (6, 6)
