Dict_of_clique_size_combinations:
(5, 5, 4) : 32

Solution Time:
0.9218831062316895

W:
(0, 0) : {46, 19, 52, 25, 30}
(0, 1) : {7, 10, 14, 18, 58}
(0, 2) : {46, 19, 52, 22, 30}
(0, 0, 0) : {7, 10, 14, 18, 58}
(0, 0, 0, 0) : {48, 1, 11, 43}
(0, 0, 0, 1) : {17, 34, 38, 15}
(0, 0, 0, 2) : {41, 34, 38, 15}
(0, 0, 0, 3) : {17, 34, 39, 15}
(0, 0, 0, 4) : {34, 35, 38, 15}
(0, 0, 0, 5) : {34, 44, 38, 15}
(0, 0, 0, 6) : {34, 44, 39, 15}
(0, 0, 0, 7) : {17, 34, 51, 15}
(0, 1, 0) : {46, 19, 52, 25, 30}
(0, 1, 1) : {46, 19, 52, 22, 30}
(0, 1, 0, 0) : {48, 1, 11, 43}
(0, 1, 0, 1) : {17, 34, 38, 15}
(0, 1, 0, 2) : {41, 34, 38, 15}
(0, 1, 0, 3) : {17, 34, 39, 15}
(0, 1, 0, 4) : {34, 35, 38, 15}
(0, 1, 0, 5) : {34, 44, 38, 15}
(0, 1, 0, 6) : {34, 44, 39, 15}
(0, 1, 0, 7) : {17, 34, 51, 15}
(0, 1, 1, 0) : {48, 1, 11, 43}
(0, 1, 1, 1) : {34, 35, 38, 15}
(0, 1, 1, 2) : {34, 44, 38, 15}
(0, 1, 1, 3) : {41, 34, 38, 15}
(0, 1, 1, 4) : {17, 34, 38, 15}
(0, 1, 1, 5) : {17, 34, 39, 15}
(0, 1, 1, 6) : {17, 34, 51, 15}
(0, 1, 1, 7) : {34, 44, 39, 15}
(0, 2, 0) : {7, 10, 14, 18, 58}
(0, 2, 0, 0) : {48, 1, 11, 43}
(0, 2, 0, 1) : {34, 35, 38, 15}
(0, 2, 0, 2) : {34, 44, 38, 15}
(0, 2, 0, 3) : {41, 34, 38, 15}
(0, 2, 0, 4) : {17, 34, 38, 15}
(0, 2, 0, 5) : {17, 34, 39, 15}
(0, 2, 0, 6) : {17, 34, 51, 15}
(0, 2, 0, 7) : {34, 44, 39, 15}

Z:
(0, 0, 0, 0) : (5, 5, 4)
(0, 0, 0, 1) : (5, 5, 4)
(0, 0, 0, 2) : (5, 5, 4)
(0, 0, 0, 3) : (5, 5, 4)
(0, 0, 0, 4) : (5, 5, 4)
(0, 0, 0, 5) : (5, 5, 4)
(0, 0, 0, 6) : (5, 5, 4)
(0, 0, 0, 7) : (5, 5, 4)
(0, 1, 0, 0) : (5, 5, 4)
(0, 1, 0, 1) : (5, 5, 4)
(0, 1, 0, 2) : (5, 5, 4)
(0, 1, 0, 3) : (5, 5, 4)
(0, 1, 0, 4) : (5, 5, 4)
(0, 1, 0, 5) : (5, 5, 4)
(0, 1, 0, 6) : (5, 5, 4)
(0, 1, 0, 7) : (5, 5, 4)
(0, 1, 1, 0) : (5, 5, 4)
(0, 1, 1, 1) : (5, 5, 4)
(0, 1, 1, 2) : (5, 5, 4)
(0, 1, 1, 3) : (5, 5, 4)
(0, 1, 1, 4) : (5, 5, 4)
(0, 1, 1, 5) : (5, 5, 4)
(0, 1, 1, 6) : (5, 5, 4)
(0, 1, 1, 7) : (5, 5, 4)
(0, 2, 0, 0) : (5, 5, 4)
(0, 2, 0, 1) : (5, 5, 4)
(0, 2, 0, 2) : (5, 5, 4)
(0, 2, 0, 3) : (5, 5, 4)
(0, 2, 0, 4) : (5, 5, 4)
(0, 2, 0, 5) : (5, 5, 4)
(0, 2, 0, 6) : (5, 5, 4)
(0, 2, 0, 7) : (5, 5, 4)
