Dict_of_clique_size_combinations:
(6, 5, 4) : 17

Solution Time:
1072.0769729614258

W:
(0, 0) : {171, 172, 173, 174, 175, 177}
(0, 0, 0) : {1152, 1058, 1149, 1150, 1151}
(0, 0, 0, 0) : {104, 972, 107, 684}
(0, 0, 0, 1) : {128, 124, 125, 118}
(0, 0, 0, 2) : {757, 402, 405, 558}
(0, 0, 0, 3) : {128, 124, 125, 925}
(0, 0, 0, 4) : {477, 402, 179, 405}
(0, 0, 0, 5) : {336, 332, 334, 335}
(0, 0, 0, 6) : {477, 757, 402, 405}
(0, 0, 0, 7) : {529, 430, 254, 167}
(0, 0, 0, 8) : {121, 124, 118, 127}
(0, 0, 0, 9) : {786, 787, 870, 871}
(0, 0, 0, 10) : {897, 402, 179, 405}
(0, 0, 0, 11) : {336, 378, 334, 815}
(0, 0, 0, 12) : {50, 405, 558, 402}
(0, 0, 0, 13) : {464, 402, 179, 405}
(0, 0, 0, 14) : {481, 482, 483, 479}
(0, 0, 0, 15) : {72, 73, 74, 71}
(0, 0, 0, 16) : {267, 268, 269, 87}

Z:
(0, 0, 0, 0) : (6, 5, 4)
(0, 0, 0, 1) : (6, 5, 4)
(0, 0, 0, 2) : (6, 5, 4)
(0, 0, 0, 3) : (6, 5, 4)
(0, 0, 0, 4) : (6, 5, 4)
(0, 0, 0, 5) : (6, 5, 4)
(0, 0, 0, 6) : (6, 5, 4)
(0, 0, 0, 7) : (6, 5, 4)
(0, 0, 0, 8) : (6, 5, 4)
(0, 0, 0, 9) : (6, 5, 4)
(0, 0, 0, 10) : (6, 5, 4)
(0, 0, 0, 11) : (6, 5, 4)
(0, 0, 0, 12) : (6, 5, 4)
(0, 0, 0, 13) : (6, 5, 4)
(0, 0, 0, 14) : (6, 5, 4)
(0, 0, 0, 15) : (6, 5, 4)
(0, 0, 0, 16) : (6, 5, 4)
