Dict_of_clique_size_combinations:
(7, 5, 5) : 42

Solution Time:
17983.460799217224

W:
(0, 0) : {1571, 1572, 1031, 1098, 1674, 1140, 826}
(0, 0, 0) : {1667, 265, 937, 1257, 948}
(0, 0, 1) : {1667, 265, 1257, 338, 948}
(0, 0, 2) : {578, 1156, 375, 348, 254}
(0, 0, 3) : {578, 1090, 1191, 348, 254}
(0, 0, 4) : {578, 1090, 375, 348, 254}
(0, 0, 5) : {1667, 1158, 1257, 338, 948}
(0, 0, 6) : {130, 361, 362, 335, 703}
(0, 0, 7) : {130, 361, 362, 44, 335}
(0, 0, 0, 0) : {578, 1156, 375, 348, 254}
(0, 0, 0, 1) : {130, 361, 362, 44, 335}
(0, 0, 0, 2) : {578, 1090, 375, 348, 254}
(0, 0, 0, 3) : {130, 361, 362, 335, 703}
(0, 0, 0, 4) : {578, 1090, 1191, 348, 254}
(0, 0, 1, 0) : {578, 1090, 375, 348, 254}
(0, 0, 1, 1) : {130, 361, 362, 44, 335}
(0, 0, 1, 2) : {130, 361, 362, 335, 703}
(0, 0, 1, 3) : {578, 1156, 375, 348, 254}
(0, 0, 1, 4) : {578, 1090, 1191, 348, 254}
(0, 0, 2, 0) : {130, 361, 362, 335, 703}
(0, 0, 2, 1) : {130, 361, 362, 44, 335}
(0, 0, 2, 2) : {1667, 265, 937, 1257, 948}
(0, 0, 2, 3) : {1667, 1158, 1257, 338, 948}
(0, 0, 2, 4) : {1667, 265, 1257, 338, 948}
(0, 0, 3, 0) : {130, 361, 362, 44, 335}
(0, 0, 3, 1) : {130, 361, 362, 335, 703}
(0, 0, 3, 2) : {1667, 265, 937, 1257, 948}
(0, 0, 3, 3) : {1667, 265, 1257, 338, 948}
(0, 0, 3, 4) : {1667, 1158, 1257, 338, 948}
(0, 0, 4, 0) : {130, 361, 362, 335, 703}
(0, 0, 4, 1) : {130, 361, 362, 44, 335}
(0, 0, 4, 2) : {1667, 265, 1257, 338, 948}
(0, 0, 4, 3) : {1667, 1158, 1257, 338, 948}
(0, 0, 4, 4) : {1667, 265, 937, 1257, 948}
(0, 0, 5, 0) : {130, 361, 362, 44, 335}
(0, 0, 5, 1) : {130, 361, 362, 335, 703}
(0, 0, 5, 2) : {578, 1156, 375, 348, 254}
(0, 0, 5, 3) : {578, 1090, 375, 348, 254}
(0, 0, 5, 4) : {578, 1090, 1191, 348, 254}
(0, 0, 6, 0) : {578, 1156, 375, 348, 254}
(0, 0, 6, 1) : {578, 1090, 375, 348, 254}
(0, 0, 6, 2) : {1667, 265, 937, 1257, 948}
(0, 0, 6, 3) : {1667, 1158, 1257, 338, 948}
(0, 0, 6, 4) : {1667, 265, 1257, 338, 948}
(0, 0, 6, 5) : {578, 1090, 1191, 348, 254}
(0, 0, 7, 0) : {578, 1090, 375, 348, 254}
(0, 0, 7, 1) : {1667, 265, 937, 1257, 948}
(0, 0, 7, 2) : {1667, 265, 1257, 338, 948}
(0, 0, 7, 3) : {1667, 1158, 1257, 338, 948}
(0, 0, 7, 4) : {578, 1090, 1191, 348, 254}
(0, 0, 7, 5) : {578, 1156, 375, 348, 254}

Z:
(0, 0, 0, 0) : (7, 5, 5)
(0, 0, 0, 1) : (7, 5, 5)
(0, 0, 0, 2) : (7, 5, 5)
(0, 0, 0, 3) : (7, 5, 5)
(0, 0, 0, 4) : (7, 5, 5)
(0, 0, 1, 0) : (7, 5, 5)
(0, 0, 1, 1) : (7, 5, 5)
(0, 0, 1, 2) : (7, 5, 5)
(0, 0, 1, 3) : (7, 5, 5)
(0, 0, 1, 4) : (7, 5, 5)
(0, 0, 2, 0) : (7, 5, 5)
(0, 0, 2, 1) : (7, 5, 5)
(0, 0, 2, 2) : (7, 5, 5)
(0, 0, 2, 3) : (7, 5, 5)
(0, 0, 2, 4) : (7, 5, 5)
(0, 0, 3, 0) : (7, 5, 5)
(0, 0, 3, 1) : (7, 5, 5)
(0, 0, 3, 2) : (7, 5, 5)
(0, 0, 3, 3) : (7, 5, 5)
(0, 0, 3, 4) : (7, 5, 5)
(0, 0, 4, 0) : (7, 5, 5)
(0, 0, 4, 1) : (7, 5, 5)
(0, 0, 4, 2) : (7, 5, 5)
(0, 0, 4, 3) : (7, 5, 5)
(0, 0, 4, 4) : (7, 5, 5)
(0, 0, 5, 0) : (7, 5, 5)
(0, 0, 5, 1) : (7, 5, 5)
(0, 0, 5, 2) : (7, 5, 5)
(0, 0, 5, 3) : (7, 5, 5)
(0, 0, 5, 4) : (7, 5, 5)
(0, 0, 6, 0) : (7, 5, 5)
(0, 0, 6, 1) : (7, 5, 5)
(0, 0, 6, 2) : (7, 5, 5)
(0, 0, 6, 3) : (7, 5, 5)
(0, 0, 6, 4) : (7, 5, 5)
(0, 0, 6, 5) : (7, 5, 5)
(0, 0, 7, 0) : (7, 5, 5)
(0, 0, 7, 1) : (7, 5, 5)
(0, 0, 7, 2) : (7, 5, 5)
(0, 0, 7, 3) : (7, 5, 5)
(0, 0, 7, 4) : (7, 5, 5)
(0, 0, 7, 5) : (7, 5, 5)
