Dict_of_clique_size_combinations:
(10, 4, 4) : 52

Solution Time:
1.156249761581421

W:
(0, 0) : {1, 2, 3, 4, 6, 7, 9, 10, 11, 12}
(0, 1) : {1, 2, 3, 6, 8, 9, 10, 11, 12, 13}
(0, 2) : {2, 3, 4, 6, 7, 9, 10, 11, 12, 15}
(0, 3) : {2, 3, 6, 7, 9, 10, 11, 12, 13, 15}
(0, 4) : {1, 2, 3, 6, 7, 9, 10, 11, 12, 13}
(0, 5) : {2, 3, 4, 6, 8, 9, 10, 11, 12, 15}
(0, 6) : {1, 2, 3, 4, 6, 8, 9, 10, 11, 12}
(0, 7) : {2, 3, 6, 8, 9, 10, 11, 12, 13, 15}
(0, 0, 0) : {24, 25, 26, 27}
(0, 0, 1) : {17, 13, 22, 23}
(0, 0, 2) : {16, 19, 20, 21}
(0, 0, 0, 0) : {17, 13, 22, 23}
(0, 0, 0, 1) : {16, 19, 20, 21}
(0, 0, 1, 0) : {24, 25, 26, 27}
(0, 0, 1, 1) : {16, 19, 20, 21}
(0, 0, 2, 0) : {24, 25, 26, 27}
(0, 0, 2, 1) : {17, 13, 22, 23}
(0, 1, 0) : {16, 19, 20, 21}
(0, 1, 1) : {24, 25, 26, 27}
(0, 1, 2) : {4, 15, 14, 7}
(0, 1, 0, 0) : {24, 25, 26, 27}
(0, 1, 0, 1) : {4, 15, 14, 7}
(0, 1, 1, 0) : {16, 19, 20, 21}
(0, 1, 1, 1) : {4, 15, 14, 7}
(0, 1, 2, 0) : {24, 25, 26, 27}
(0, 1, 2, 1) : {16, 19, 20, 21}
(0, 2, 0) : {24, 25, 26, 27}
(0, 2, 1) : {17, 13, 22, 23}
(0, 2, 2) : {16, 19, 20, 21}
(0, 2, 0, 0) : {16, 19, 20, 21}
(0, 2, 0, 1) : {17, 13, 22, 23}
(0, 2, 1, 0) : {24, 25, 26, 27}
(0, 2, 1, 1) : {16, 19, 20, 21}
(0, 2, 2, 0) : {24, 25, 26, 27}
(0, 2, 2, 1) : {17, 13, 22, 23}
(0, 3, 0) : {8, 1, 4, 5}
(0, 3, 1) : {24, 25, 26, 27}
(0, 3, 2) : {8, 1, 4, 14}
(0, 3, 3) : {16, 19, 20, 21}
(0, 3, 0, 0) : {24, 25, 26, 27}
(0, 3, 0, 1) : {16, 19, 20, 21}
(0, 3, 1, 0) : {8, 1, 4, 5}
(0, 3, 1, 1) : {16, 19, 20, 21}
(0, 3, 1, 2) : {8, 1, 4, 14}
(0, 3, 2, 0) : {24, 25, 26, 27}
(0, 3, 2, 1) : {16, 19, 20, 21}
(0, 3, 3, 0) : {8, 1, 4, 5}
(0, 3, 3, 1) : {24, 25, 26, 27}
(0, 3, 3, 2) : {8, 1, 4, 14}
(0, 4, 0) : {24, 25, 26, 27}
(0, 4, 1) : {8, 4, 14, 15}
(0, 4, 2) : {16, 19, 20, 21}
(0, 4, 0, 0) : {8, 4, 14, 15}
(0, 4, 0, 1) : {16, 19, 20, 21}
(0, 4, 1, 0) : {24, 25, 26, 27}
(0, 4, 1, 1) : {16, 19, 20, 21}
(0, 4, 2, 0) : {24, 25, 26, 27}
(0, 4, 2, 1) : {8, 4, 14, 15}
(0, 5, 0) : {24, 25, 26, 27}
(0, 5, 1) : {16, 19, 20, 21}
(0, 5, 2) : {17, 13, 22, 23}
(0, 5, 0, 0) : {16, 19, 20, 21}
(0, 5, 0, 1) : {17, 13, 22, 23}
(0, 5, 1, 0) : {24, 25, 26, 27}
(0, 5, 1, 1) : {17, 13, 22, 23}
(0, 5, 2, 0) : {24, 25, 26, 27}
(0, 5, 2, 1) : {16, 19, 20, 21}
(0, 6, 0) : {24, 25, 26, 27}
(0, 6, 1) : {16, 19, 20, 21}
(0, 6, 2) : {17, 13, 22, 23}
(0, 6, 0, 0) : {16, 19, 20, 21}
(0, 6, 0, 1) : {17, 13, 22, 23}
(0, 6, 1, 0) : {24, 25, 26, 27}
(0, 6, 1, 1) : {17, 13, 22, 23}
(0, 6, 2, 0) : {24, 25, 26, 27}
(0, 6, 2, 1) : {16, 19, 20, 21}
(0, 7, 0) : {24, 25, 26, 27}
(0, 7, 1) : {16, 19, 20, 21}
(0, 7, 2) : {1, 4, 14, 7}
(0, 7, 0, 0) : {1, 4, 14, 7}
(0, 7, 0, 1) : {16, 19, 20, 21}
(0, 7, 1, 0) : {24, 25, 26, 27}
(0, 7, 1, 1) : {1, 4, 14, 7}
(0, 7, 2, 0) : {24, 25, 26, 27}
(0, 7, 2, 1) : {16, 19, 20, 21}

Z:
(0, 0, 0, 0) : (10, 4, 4)
(0, 0, 0, 1) : (10, 4, 4)
(0, 0, 1, 0) : (10, 4, 4)
(0, 0, 1, 1) : (10, 4, 4)
(0, 0, 2, 0) : (10, 4, 4)
(0, 0, 2, 1) : (10, 4, 4)
(0, 1, 0, 0) : (10, 4, 4)
(0, 1, 0, 1) : (10, 4, 4)
(0, 1, 1, 0) : (10, 4, 4)
(0, 1, 1, 1) : (10, 4, 4)
(0, 1, 2, 0) : (10, 4, 4)
(0, 1, 2, 1) : (10, 4, 4)
(0, 2, 0, 0) : (10, 4, 4)
(0, 2, 0, 1) : (10, 4, 4)
(0, 2, 1, 0) : (10, 4, 4)
(0, 2, 1, 1) : (10, 4, 4)
(0, 2, 2, 0) : (10, 4, 4)
(0, 2, 2, 1) : (10, 4, 4)
(0, 3, 0, 0) : (10, 4, 4)
(0, 3, 0, 1) : (10, 4, 4)
(0, 3, 1, 0) : (10, 4, 4)
(0, 3, 1, 1) : (10, 4, 4)
(0, 3, 1, 2) : (10, 4, 4)
(0, 3, 2, 0) : (10, 4, 4)
(0, 3, 2, 1) : (10, 4, 4)
(0, 3, 3, 0) : (10, 4, 4)
(0, 3, 3, 1) : (10, 4, 4)
(0, 3, 3, 2) : (10, 4, 4)
(0, 4, 0, 0) : (10, 4, 4)
(0, 4, 0, 1) : (10, 4, 4)
(0, 4, 1, 0) : (10, 4, 4)
(0, 4, 1, 1) : (10, 4, 4)
(0, 4, 2, 0) : (10, 4, 4)
(0, 4, 2, 1) : (10, 4, 4)
(0, 5, 0, 0) : (10, 4, 4)
(0, 5, 0, 1) : (10, 4, 4)
(0, 5, 1, 0) : (10, 4, 4)
(0, 5, 1, 1) : (10, 4, 4)
(0, 5, 2, 0) : (10, 4, 4)
(0, 5, 2, 1) : (10, 4, 4)
(0, 6, 0, 0) : (10, 4, 4)
(0, 6, 0, 1) : (10, 4, 4)
(0, 6, 1, 0) : (10, 4, 4)
(0, 6, 1, 1) : (10, 4, 4)
(0, 6, 2, 0) : (10, 4, 4)
(0, 6, 2, 1) : (10, 4, 4)
(0, 7, 0, 0) : (10, 4, 4)
(0, 7, 0, 1) : (10, 4, 4)
(0, 7, 1, 0) : (10, 4, 4)
(0, 7, 1, 1) : (10, 4, 4)
(0, 7, 2, 0) : (10, 4, 4)
(0, 7, 2, 1) : (10, 4, 4)
