Dict_of_clique_size_combinations:
(3, 1, 1) : 56
(3, 2, 1) : 18

Solution Time:
0.5008354187011719

W:
(0, 0) : {1, 2, 3}
(0, 1) : {1, 3, 4}
(0, 2) : {1, 2, 6}
(0, 0, 0) : {4}
(0, 0, 1) : {11}
(0, 0, 2) : {5}
(0, 0, 3) : {6}
(0, 0, 4) : {7}
(0, 0, 5) : {8}
(0, 0, 6) : {9}
(0, 0, 7) : {10}
(0, 0, 0, 0) : {5}
(0, 0, 0, 1) : {11}
(0, 0, 0, 2) : {6}
(0, 0, 0, 3) : {7}
(0, 0, 0, 4) : {8}
(0, 0, 0, 5) : {9}
(0, 0, 0, 6) : {10}
(0, 0, 1, 0) : {4}
(0, 0, 1, 1) : {10}
(0, 0, 1, 2) : {5}
(0, 0, 1, 3) : {6}
(0, 0, 1, 4) : {7}
(0, 0, 1, 5) : {8}
(0, 0, 1, 6) : {9}
(0, 0, 2, 0) : {4}
(0, 0, 2, 1) : {11}
(0, 0, 2, 2) : {6}
(0, 0, 2, 3) : {7}
(0, 0, 2, 4) : {8}
(0, 0, 2, 5) : {9}
(0, 0, 2, 6) : {10}
(0, 0, 3, 0) : {4}
(0, 0, 3, 1) : {11}
(0, 0, 3, 2) : {5}
(0, 0, 3, 3) : {7}
(0, 0, 3, 4) : {8}
(0, 0, 3, 5) : {9}
(0, 0, 3, 6) : {10}
(0, 0, 4, 0) : {4}
(0, 0, 4, 1) : {11}
(0, 0, 4, 2) : {5}
(0, 0, 4, 3) : {6}
(0, 0, 4, 4) : {8}
(0, 0, 4, 5) : {9}
(0, 0, 4, 6) : {10}
(0, 0, 5, 0) : {4}
(0, 0, 5, 1) : {11}
(0, 0, 5, 2) : {5}
(0, 0, 5, 3) : {6}
(0, 0, 5, 4) : {7}
(0, 0, 5, 5) : {9}
(0, 0, 5, 6) : {10}
(0, 0, 6, 0) : {4}
(0, 0, 6, 1) : {11}
(0, 0, 6, 2) : {5}
(0, 0, 6, 3) : {6}
(0, 0, 6, 4) : {7}
(0, 0, 6, 5) : {8}
(0, 0, 6, 6) : {10}
(0, 0, 7, 0) : {4}
(0, 0, 7, 1) : {11}
(0, 0, 7, 2) : {5}
(0, 0, 7, 3) : {6}
(0, 0, 7, 4) : {7}
(0, 0, 7, 5) : {8}
(0, 0, 7, 6) : {9}
(0, 1, 0) : {2, 5}
(0, 1, 1) : {2, 6}
(0, 1, 0, 0) : {6}
(0, 1, 0, 1) : {11}
(0, 1, 0, 2) : {7}
(0, 1, 0, 3) : {8}
(0, 1, 0, 4) : {9}
(0, 1, 0, 5) : {10}
(0, 1, 1, 0) : {5}
(0, 1, 1, 1) : {11}
(0, 1, 1, 2) : {7}
(0, 1, 1, 3) : {8}
(0, 1, 1, 4) : {9}
(0, 1, 1, 5) : {10}
(0, 2, 0) : {3, 4}
(0, 2, 0, 0) : {5}
(0, 2, 0, 1) : {11}
(0, 2, 0, 2) : {7}
(0, 2, 0, 3) : {8}
(0, 2, 0, 4) : {9}
(0, 2, 0, 5) : {10}

Z:
(0, 0, 0, 0) : (3, 1, 1)
(0, 0, 0, 1) : (3, 1, 1)
(0, 0, 0, 2) : (3, 1, 1)
(0, 0, 0, 3) : (3, 1, 1)
(0, 0, 0, 4) : (3, 1, 1)
(0, 0, 0, 5) : (3, 1, 1)
(0, 0, 0, 6) : (3, 1, 1)
(0, 0, 1, 0) : (3, 1, 1)
(0, 0, 1, 1) : (3, 1, 1)
(0, 0, 1, 2) : (3, 1, 1)
(0, 0, 1, 3) : (3, 1, 1)
(0, 0, 1, 4) : (3, 1, 1)
(0, 0, 1, 5) : (3, 1, 1)
(0, 0, 1, 6) : (3, 1, 1)
(0, 0, 2, 0) : (3, 1, 1)
(0, 0, 2, 1) : (3, 1, 1)
(0, 0, 2, 2) : (3, 1, 1)
(0, 0, 2, 3) : (3, 1, 1)
(0, 0, 2, 4) : (3, 1, 1)
(0, 0, 2, 5) : (3, 1, 1)
(0, 0, 2, 6) : (3, 1, 1)
(0, 0, 3, 0) : (3, 1, 1)
(0, 0, 3, 1) : (3, 1, 1)
(0, 0, 3, 2) : (3, 1, 1)
(0, 0, 3, 3) : (3, 1, 1)
(0, 0, 3, 4) : (3, 1, 1)
(0, 0, 3, 5) : (3, 1, 1)
(0, 0, 3, 6) : (3, 1, 1)
(0, 0, 4, 0) : (3, 1, 1)
(0, 0, 4, 1) : (3, 1, 1)
(0, 0, 4, 2) : (3, 1, 1)
(0, 0, 4, 3) : (3, 1, 1)
(0, 0, 4, 4) : (3, 1, 1)
(0, 0, 4, 5) : (3, 1, 1)
(0, 0, 4, 6) : (3, 1, 1)
(0, 0, 5, 0) : (3, 1, 1)
(0, 0, 5, 1) : (3, 1, 1)
(0, 0, 5, 2) : (3, 1, 1)
(0, 0, 5, 3) : (3, 1, 1)
(0, 0, 5, 4) : (3, 1, 1)
(0, 0, 5, 5) : (3, 1, 1)
(0, 0, 5, 6) : (3, 1, 1)
(0, 0, 6, 0) : (3, 1, 1)
(0, 0, 6, 1) : (3, 1, 1)
(0, 0, 6, 2) : (3, 1, 1)
(0, 0, 6, 3) : (3, 1, 1)
(0, 0, 6, 4) : (3, 1, 1)
(0, 0, 6, 5) : (3, 1, 1)
(0, 0, 6, 6) : (3, 1, 1)
(0, 0, 7, 0) : (3, 1, 1)
(0, 0, 7, 1) : (3, 1, 1)
(0, 0, 7, 2) : (3, 1, 1)
(0, 0, 7, 3) : (3, 1, 1)
(0, 0, 7, 4) : (3, 1, 1)
(0, 0, 7, 5) : (3, 1, 1)
(0, 0, 7, 6) : (3, 1, 1)
(0, 1, 0, 0) : (3, 2, 1)
(0, 1, 0, 1) : (3, 2, 1)
(0, 1, 0, 2) : (3, 2, 1)
(0, 1, 0, 3) : (3, 2, 1)
(0, 1, 0, 4) : (3, 2, 1)
(0, 1, 0, 5) : (3, 2, 1)
(0, 1, 1, 0) : (3, 2, 1)
(0, 1, 1, 1) : (3, 2, 1)
(0, 1, 1, 2) : (3, 2, 1)
(0, 1, 1, 3) : (3, 2, 1)
(0, 1, 1, 4) : (3, 2, 1)
(0, 1, 1, 5) : (3, 2, 1)
(0, 2, 0, 0) : (3, 2, 1)
(0, 2, 0, 1) : (3, 2, 1)
(0, 2, 0, 2) : (3, 2, 1)
(0, 2, 0, 3) : (3, 2, 1)
(0, 2, 0, 4) : (3, 2, 1)
(0, 2, 0, 5) : (3, 2, 1)
