Dict_of_clique_size_combinations:
(4, 1, 1) : 30

Solution Time:
0.2343735694885254

W:
(0, 0) : {1, 2, 3, 4}
(0, 0, 0) : {5}
(0, 0, 1) : {10}
(0, 0, 2) : {6}
(0, 0, 3) : {7}
(0, 0, 4) : {8}
(0, 0, 5) : {9}
(0, 0, 0, 0) : {6}
(0, 0, 0, 1) : {10}
(0, 0, 0, 2) : {7}
(0, 0, 0, 3) : {8}
(0, 0, 0, 4) : {9}
(0, 0, 1, 0) : {5}
(0, 0, 1, 1) : {9}
(0, 0, 1, 2) : {6}
(0, 0, 1, 3) : {7}
(0, 0, 1, 4) : {8}
(0, 0, 2, 0) : {5}
(0, 0, 2, 1) : {10}
(0, 0, 2, 2) : {7}
(0, 0, 2, 3) : {8}
(0, 0, 2, 4) : {9}
(0, 0, 3, 0) : {5}
(0, 0, 3, 1) : {10}
(0, 0, 3, 2) : {6}
(0, 0, 3, 3) : {8}
(0, 0, 3, 4) : {9}
(0, 0, 4, 0) : {5}
(0, 0, 4, 1) : {10}
(0, 0, 4, 2) : {6}
(0, 0, 4, 3) : {7}
(0, 0, 4, 4) : {9}
(0, 0, 5, 0) : {5}
(0, 0, 5, 1) : {10}
(0, 0, 5, 2) : {6}
(0, 0, 5, 3) : {7}
(0, 0, 5, 4) : {8}

Z:
(0, 0, 0, 0) : (4, 1, 1)
(0, 0, 0, 1) : (4, 1, 1)
(0, 0, 0, 2) : (4, 1, 1)
(0, 0, 0, 3) : (4, 1, 1)
(0, 0, 0, 4) : (4, 1, 1)
(0, 0, 1, 0) : (4, 1, 1)
(0, 0, 1, 1) : (4, 1, 1)
(0, 0, 1, 2) : (4, 1, 1)
(0, 0, 1, 3) : (4, 1, 1)
(0, 0, 1, 4) : (4, 1, 1)
(0, 0, 2, 0) : (4, 1, 1)
(0, 0, 2, 1) : (4, 1, 1)
(0, 0, 2, 2) : (4, 1, 1)
(0, 0, 2, 3) : (4, 1, 1)
(0, 0, 2, 4) : (4, 1, 1)
(0, 0, 3, 0) : (4, 1, 1)
(0, 0, 3, 1) : (4, 1, 1)
(0, 0, 3, 2) : (4, 1, 1)
(0, 0, 3, 3) : (4, 1, 1)
(0, 0, 3, 4) : (4, 1, 1)
(0, 0, 4, 0) : (4, 1, 1)
(0, 0, 4, 1) : (4, 1, 1)
(0, 0, 4, 2) : (4, 1, 1)
(0, 0, 4, 3) : (4, 1, 1)
(0, 0, 4, 4) : (4, 1, 1)
(0, 0, 5, 0) : (4, 1, 1)
(0, 0, 5, 1) : (4, 1, 1)
(0, 0, 5, 2) : (4, 1, 1)
(0, 0, 5, 3) : (4, 1, 1)
(0, 0, 5, 4) : (4, 1, 1)
