Dict_of_clique_size_combinations:
(6, 6, 2) : 8
(6, 5, 3) : 2

Solution Time:
0.4375011920928955

W:
(0, 0) : {1, 2, 3, 5, 6, 7}
(0, 1) : {7, 8, 10, 11, 12, 13}
(0, 2) : {1, 3, 4, 5, 6, 7}
(0, 3) : {8, 10, 11, 12, 13, 14}
(0, 0, 0) : {8, 10, 11, 12, 13, 14}
(0, 0, 0, 0) : {9, 4}
(0, 0, 0, 1) : {9, 15}
(0, 1, 0) : {1, 2, 3, 5, 6}
(0, 1, 1) : {1, 3, 4, 5, 6}
(0, 1, 0, 0) : {9, 14, 15}
(0, 1, 1, 0) : {9, 14, 15}
(0, 2, 0) : {8, 10, 11, 12, 13, 14}
(0, 2, 0, 0) : {9, 2}
(0, 2, 0, 1) : {9, 15}
(0, 3, 0) : {1, 2, 3, 5, 6, 7}
(0, 3, 1) : {1, 3, 4, 5, 6, 7}
(0, 3, 0, 0) : {9, 4}
(0, 3, 0, 1) : {9, 15}
(0, 3, 1, 0) : {9, 2}
(0, 3, 1, 1) : {9, 15}

Z:
(0, 0, 0, 0) : (6, 6, 2)
(0, 0, 0, 1) : (6, 6, 2)
(0, 1, 0, 0) : (6, 5, 3)
(0, 1, 1, 0) : (6, 5, 3)
(0, 2, 0, 0) : (6, 6, 2)
(0, 2, 0, 1) : (6, 6, 2)
(0, 3, 0, 0) : (6, 6, 2)
(0, 3, 0, 1) : (6, 6, 2)
(0, 3, 1, 0) : (6, 6, 2)
(0, 3, 1, 1) : (6, 6, 2)
