Dict_of_clique_size_combinations:
(7, 6) : 7

Solution Time:
3288.2630281448364

X_history_database:
(0, 0) : [826, 1031, 1098, 1140, 1571, 1572, 1674]
(0, 0, 0) : [826, 1031, 1098, 1571, 1572, 1674]
(0, 0, 1) : [826, 1031, 1098, 1140, 1571, 1572]
(0, 0, 2) : [826, 1031, 1098, 1140, 1571, 1674]
(0, 0, 3) : [1031, 1098, 1140, 1571, 1572, 1674]
(0, 0, 4) : [826, 1031, 1098, 1140, 1572, 1674]
(0, 0, 5) : [826, 1031, 1140, 1571, 1572, 1674]
(0, 0, 6) : [826, 1098, 1140, 1571, 1572, 1674]
