Dict_of_clique_size_combinations:
(5, 5, 5) : 6

Solution Time:
0.6871490478515625

X_history_database:
(0, 0) : [2, 5, 6, 7, 14]
(0, 1) : [2, 5, 6, 12, 15]
(0, 2) : [2, 5, 6, 7, 12]
(0, 0, 0) : [2, 5, 6, 7, 12]
(0, 0, 1) : [2, 5, 6, 12, 15]
(0, 0, 0, 0) : [2, 5, 6, 12, 15]
(0, 0, 1, 0) : [2, 5, 6, 7, 12]
(0, 1, 0) : [2, 5, 6, 7, 14]
(0, 1, 1) : [2, 5, 6, 7, 12]
(0, 1, 0, 0) : [2, 5, 6, 7, 12]
(0, 1, 1, 0) : [2, 5, 6, 7, 14]
(0, 2, 0) : [2, 5, 6, 12, 15]
(0, 2, 1) : [2, 5, 6, 7, 14]
(0, 2, 0, 0) : [2, 5, 6, 7, 14]
(0, 2, 1, 0) : [2, 5, 6, 12, 15]
