Dict_of_clique_size_combinations:
(5, 5, 5) : 6

Solution Time:
1.6558489799499512

X_history_database:
(0, 0) : [19, 25, 30, 46, 52]
(0, 1) : [7, 10, 14, 18, 58]
(0, 2) : [19, 22, 30, 46, 52]
(0, 0, 0) : [19, 22, 30, 46, 52]
(0, 0, 1) : [7, 10, 14, 18, 58]
(0, 0, 0, 0) : [7, 10, 14, 18, 58]
(0, 0, 1, 0) : [19, 22, 30, 46, 52]
(0, 1, 0) : [19, 25, 30, 46, 52]
(0, 1, 1) : [19, 22, 30, 46, 52]
(0, 1, 0, 0) : [19, 22, 30, 46, 52]
(0, 1, 1, 0) : [19, 25, 30, 46, 52]
(0, 2, 0) : [19, 25, 30, 46, 52]
(0, 2, 1) : [7, 10, 14, 18, 58]
(0, 2, 0, 0) : [7, 10, 14, 18, 58]
(0, 2, 1, 0) : [19, 25, 30, 46, 52]
